Temp_0.6	B_0.6
0.01	0.11764705882352944
0.04111111111111111	0.11764705882352944
0.07222222222222222	0.11764705882352944
0.10333333333333333	0.11764705449206525
0.13444444444444445	0.11764696050812606
0.16555555555555557	0.11764602927701528
0.19666666666666666	0.11764177729688963
0.22777777777777777	0.11762857027365614
0.2588888888888889	0.11759681690893675
0.29	0.1175270947892747
0.3	0.11748918834001676
0.30306122448979594	0.1174809092501714
0.30612244897959184	0.11746242860532774
0.30918367346938774	0.11744627197054347
0.3122448979591837	0.11742968820739441
0.3153061224489796	0.1174178646819759
0.3183673469387755	0.11739518908207092
0.32142857142857145	0.11737260447745512
0.32448979591836735	0.11735174332671394
0.32755102040816325	0.117305414260513
0.3306122448979592	0.11729635096871027
0.3336734693877551	0.11725840298227641
0.336734693877551	0.1172318938437652
0.33979591836734696	0.11719073158863691
0.34285714285714286	0.1171561425949944
0.34591836734693876	0.1171060138512584
0.3489795918367347	0.11706889078334137
0.3520408163265306	0.11697761491064718
0.3551020408163265	0.11693016977293957
0.35816326530612247	0.11692689156568337
0.36122448979591837	0.11672403356766636
0.36428571428571427	0.11673452336096712
0.3673469387755102	0.1166690862228642
0.3704081632653061	0.11649505429724383
0.373469387755102	0.11644936833501451
0.376530612244898	0.11631722495881314
0.3795918367346939	0.11615964452977101
0.3826530612244898	0.11486245189880118
0.38571428571428573	0.11516557042861453
0.38877551020408163	0.11499933988757705
0.39183673469387753	0.11465590711129092
0.3948979591836735	0.11451772713610131
0.3979591836734694	0.11411569959440637
0.4010204081632653	0.1139784360440933
0.40408163265306124	0.1138114252351532
0.40714285714285714	0.11300367078056839
0.41020408163265304	0.1127946861599376
0.413265306122449	0.11225158201156216
0.4163265306122449	0.11155703619080681
0.4193877551020408	0.11081688129632783
0.42244897959183675	0.11096366394446477
0.42551020408163265	0.11075966562923956
0.42857142857142855	0.10951979841658055
0.4316326530612245	0.10926487158800247
0.4346938775510204	0.1075535171454961
0.4377551020408163	0.10652478376992569
0.44081632653061226	0.10519568372445798
0.44387755102040816	0.10447397351240395
0.44693877551020406	0.10222553269843493
0.45	0.10142014787322207
0.45	0.1019101008934935
0.44693877551020406	0.10348054472106372
0.44387755102040816	0.10463110367549655
0.44081632653061226	0.10525834230919617
0.4377551020408163	0.10656634513449725
0.4346938775510204	0.10701556664320266
0.4316326530612245	0.10778595289286674
0.42857142857142855	0.10920990878155701
0.42551020408163265	0.11036812092405524
0.42244897959183675	0.11067243417410566
0.4193877551020408	0.11084682426403403
0.4163265306122449	0.11232752756887932
0.413265306122449	0.11250634667497039
0.41020408163265304	0.11304414241574179
0.40714285714285714	0.11334867065051502
0.40408163265306124	0.11369442717729461
0.4010204081632653	0.11399648729518908
0.3979591836734694	0.11422842645129594
0.3948979591836735	0.11450489877510661
0.39183673469387753	0.11455444023830319
0.38877551020408163	0.11479024022051576
0.38571428571428573	0.11502999036744888
0.3826530612244898	0.11516983979388407
0.3795918367346939	0.11543127255150387
0.376530612244898	0.11557686101861664
0.373469387755102	0.11573886445861514
0.3704081632653061	0.115869001180818
0.3673469387755102	0.1160278729797164
0.36428571428571427	0.11611087573466217
0.36122448979591837	0.11622952162020461
0.35816326530612247	0.11638539831545036
0.3551020408163265	0.1164397219433565
0.3520408163265306	0.11653691204896677
0.3489795918367347	0.1166156686096923
0.34591836734693876	0.11665508738184582
0.34285714285714286	0.11676306694358629
0.33979591836734696	0.11683765145260028
0.336734693877551	0.11688870568476972
0.3336734693877551	0.11694309172916673
0.3306122448979592	0.11699779178532532
0.32755102040816325	0.11704074647952578
0.32448979591836735	0.11710117988919788
0.32142857142857145	0.11713244301122294
0.3183673469387755	0.1171671471815906
0.3153061224489796	0.11720207263376803
0.3122448979591837	0.11722881902673377
0.30918367346938774	0.11726417000355305
0.30612244897959184	0.11729363680449834
0.30306122448979594	0.11731674170718565
0.3	0.11734427369677713
0.46	0.09855723780145531
0.46444444444444444	0.09568432587263886
0.4688888888888889	0.09375066484486594
0.47333333333333333	0.09089121824801927
0.4777777777777778	0.09075356261087231
0.4822222222222222	0.08811745508322055
0.4866666666666667	0.08732257211289018
0.4911111111111111	0.08627361637690867
0.4955555555555556	0.08573193917135535
0.5	0.08587787575824435
0.51	0.084781080449983
0.5148979591836734	0.08584605601646778
0.519795918367347	0.08543485400514295
0.5246938775510204	0.08640808036228076
0.5295918367346939	0.08561565727218567
0.5344897959183673	0.08572141699282654
0.5393877551020408	0.08605266523713473
0.5442857142857143	0.08478931924054689
0.5491836734693878	0.084631907256707
0.5540816326530612	0.08378640782580382
0.5589795918367347	0.08169738496004886
0.5638775510204082	0.07871469252550767
0.5687755102040817	0.07513099029269321
0.5736734693877551	0.07061293556349457
0.5785714285714286	0.06210874730996929
0.583469387755102	0.04915646573468013
0.5883673469387755	0.025858473137133853
0.593265306122449	-0.013155659571693068
0.5981632653061224	-0.07465626707798889
0.6030612244897959	-0.16718661646980237
0.6079591836734693	-0.2748940114421581
0.6128571428571429	-0.3505130309496085
0.6177551020408163	-0.3770954274565439
0.6226530612244898	-0.37772333210575537
0.6275510204081632	-0.3504388490233359
0.6324489795918368	-0.30828640915842453
0.6373469387755102	-0.26866440967700966
0.6422448979591837	-0.2361025756915387
0.6471428571428571	-0.20176562402613696
0.6520408163265307	-0.1790188647633495
0.6569387755102041	-0.16110600895427019
0.6618367346938776	-0.14405146599637564
0.666734693877551	-0.13467042172006427
0.6716326530612244	-0.12075875257308
0.676530612244898	-0.11047658476924616
0.6814285714285714	-0.10170697152712505
0.6863265306122449	-0.09433090037518532
0.6912244897959183	-0.08900913459369986
0.6961224489795919	-0.07915711682869908
0.7010204081632653	-0.07835554644239862
0.7059183673469388	-0.06952304855037772
0.7108163265306122	-0.06778551981633596
0.7157142857142857	-0.06313649952919986
0.7206122448979592	-0.06032568810328587
0.7255102040816327	-0.0572536065301652
0.7304081632653061	-0.05428782919703168
0.7353061224489796	-0.05298429111145819
0.740204081632653	-0.050235156248187085
0.7451020408163266	-0.047120636134748484
0.75	-0.04602247309673757
0.76	-0.041226290297356805
0.7546938775510204	-0.043506295380155935
0.7493877551020408	-0.04622445049195911
0.7440816326530613	-0.04904065600866714
0.7387755102040816	-0.050403571404867176
0.7334693877551021	-0.05404855622980853
0.7281632653061224	-0.05589491057021334
0.7228571428571429	-0.05997069126485832
0.7175510204081633	-0.06221355321947186
0.7122448979591837	-0.06571128152688965
0.7069387755102041	-0.07195657934189614
0.7016326530612245	-0.07789194141771483
0.6963265306122449	-0.0818475040619373
0.6910204081632653	-0.08579952824524595
0.6857142857142857	-0.09363762877767767
0.6804081632653062	-0.10510765691384849
0.6751020408163265	-0.10861582112938994
0.669795918367347	-0.12353303854951192
0.6644897959183673	-0.14174940992832874
0.6591836734693878	-0.16011149651378398
0.6538775510204081	-0.17476671137286592
0.6485714285714286	-0.19432439825061887
0.643265306122449	-0.2302172100671791
0.6379591836734694	-0.24917309987893854
0.6326530612244898	-0.3063387418321317
0.6273469387755102	-0.3478762552072081
0.6220408163265306	-0.3697459295032297
0.616734693877551	-0.37925397050624565
0.6114285714285714	-0.3280482076228004
0.6061224489795919	-0.22334140667514157
0.6008163265306122	-0.11773570552983781
0.5955102040816327	-0.041756363016042464
0.590204081632653	0.015482372689096802
0.5848979591836735	0.045976169257049504
0.5795918367346938	0.0574691576261781
0.5742857142857143	0.06999198029055587
0.5689795918367347	0.07593914170651206
0.5636734693877551	0.07890476576029481
0.5583673469387755	0.08283185833711826
0.5530612244897959	0.08413722344571006
0.5477551020408163	0.08504272672492386
0.5424489795918367	0.08561342260158511
0.5371428571428571	0.08584659129685845
0.5318367346938776	0.08571043377494991
0.5265306122448979	0.0855659057983944
0.5212244897959184	0.08526543681120768
0.5159183673469387	0.08492252428657665
0.5106122448979592	0.085472510833289
0.5053061224489795	0.08505377876429698
0.5	0.0859848158914428
0.76	-0.042856818215210035
0.7866666666666666	-0.03483745764208779
0.8133333333333334	-0.029318721124850233
0.84	-0.025260985187632867
0.8666666666666667	-0.0219788999103685
0.8933333333333333	-0.019487179433307134
0.92	-0.016863405783360985
0.9466666666666667	-0.015461487794312223
0.9733333333333334	-0.014020910729266145
1.0	-0.01244446049403991
