0.66511233550218374
0.66501598022094122
0.66491689990877423
0.66486284109450655
0.66480340994365195
0.66467357717099107
0.66461057836159565
0.66450982275294912
0.66438609596300846
0.66402577917624739
0.66410780349860410
0.66404240505440792
0.66358838121938546
0.66372407255108601
0.66303603708823688
0.66315510965886038
0.66255611982437213
0.66267208308142944
0.66259175664975611
0.66231794464853211
0.66102002769183121
0.66161521842515558
0.66077185257577509
0.66050755956862028
0.65929311456530892
0.65905756523357661
0.65655353499956459
0.65706041260575310
0.65542621543140278
0.65334005869114298
0.65165712201850068
0.64945207772944813
0.64920624823179396
0.64366832375596106
0.64128525676017556
0.63736973395246199
0.63406229386506641
0.63098438108201849
0.62248039050342818
0.61496618267472514
0.60562858008578768
0.60083334732074145
0.58811558830950994
0.57378401029555548
0.55694650687890745
0.54327819325418303
0.51972440235344564
0.50357141856834697
0.49233617738189273
0.45897602497740464
0.66513193119995528
0.66500230493459456
0.66494401051539298
0.66484963613955794
0.66472277155554316
0.66460740532811191
0.66459751278170920
0.66440953776767464
0.66429465550577182
0.66404937432887579
0.66413077732599501
0.66390755528622702
0.66378902857455913
0.66366672560937534
0.66333114999993614
0.66329929312155789
0.66291881236153682
0.66230140698312168
0.66199704071213938
0.66110809057800024
0.66174086243592445
0.66081583096171315
0.66000373765271125
0.65877373136321060
0.65941981732230837
0.65809406769430190
0.65707769780519087
0.65466054153572717
0.65316393981344634
0.65370619643171146
0.65101570517830343
0.64836193838466305
0.64606656861888889
0.64348226948984188
0.63995944915687064
0.63327113574726335
0.62925573248753697
0.62584172612908751
0.61819743341775357
0.60873480064536167
0.59405616214732915
0.58767018281060146
0.56905924829445764
0.55668262390024215
0.54312313375665788
0.52703058223718791
0.50828106912163240
0.48099568080457955
0.46441567240534998
0.42935679051753761
0.66505444546258419
0.66493840714352959
0.66483259292500962
0.66476848591497339
0.66471115173517936
0.66452909461987830
0.66448039742015563
0.66432283969337713
0.66431647694985840
0.66413436708358220
0.66406986125015988
0.66379509424164418
0.66357473330857841
0.66334315183747927
0.66314405459426817
0.66289057819271457
0.66252685384548737
0.66209948202277569
0.66192420069989044
0.66140325506403730
0.66126779605992869
0.66048844993187306
0.66020653692393028
0.65894228900867069
0.65838818968439705
0.65822207309210889
0.65629944676070084
0.65475235259245834
0.65311330579577676
0.65182518668065570
0.64859647709381929
0.64511723444517610
0.64494073726208734
0.63954848653953289
0.63610728595495647
0.63200699526640958
0.62653209801522858
0.61873263952613422
0.60693719647869704
0.59429037724782852
0.58452285107239210
0.58201485020856869
0.57145321050860964
0.55088771727942243
0.53560205536690908
0.52477359519857480
0.49622308630652157
0.45566458563087542
0.43450786313811141
0.40297587259844381
0.66499382285211261
0.66498995592573129
0.66488403164329002
0.66473891827637710
0.66466081138695166
0.66455896806200399
0.66439939775704238
0.66442275215192814
0.66411010323058761
0.66394923951283258
0.66371430790321928
0.66369241805893520
0.66350371464301527
0.66348822344887015
0.66324263960032503
0.66267933370337517
0.66247218016684584
0.66176171024402275
0.66156164408361717
0.66157125324898769
0.66093728849638145
0.66012618241253707
0.65889245564690113
0.65836411638615600
0.65757246111018697
0.65646874660851451
0.65638474897535493
0.65279902403387391
0.65121038457281633
0.64892054233275243
0.64489010900188171
0.64416019429173277
0.64021136250701627
0.63792181717082930
0.63039211918139859
0.62381502781059206
0.62005987187633793
0.61092300385861342
0.60347027080905646
0.58635657229355576
0.57664374947113850
0.57655458472026000
0.54368709022342143
0.52830076288853245
0.51583429062649322
0.49073931631369727
0.45337046754355337
0.44210210542246053
0.41623851539581169
0.38074123774660873
0.66492835128140748
0.66488419168089519
0.66484732832794724
0.66470958507200961
0.66466758168761797
0.66445833719545155
0.66435722745763881
0.66427572855201955
0.66394647553632646
0.66399056504989773
0.66380686872291927
0.66358331910383872
0.66325730264482463
0.66319284807883849
0.66280362389664860
0.66262753403187669
0.66224874599002459
0.66178228703945163
0.66113104636702835
0.66067352963502612
0.66047559374292408
0.65967617719745908
0.65944855607446584
0.65773065890339677
0.65683195319188303
0.65446585990420747
0.65450340649142769
0.65151824632355249
0.65099898162149616
0.64862179592234126
0.64496320430854226
0.64129062049146213
0.64005299168118279
0.62990796276474204
0.62690622494739823
0.62098401978917006
0.60673678981748691
0.60447852560377091
0.59961918750203935
0.57878086006045981
0.56369532301922698
0.55102271398458469
0.53221808442851748
0.51029140669499196
0.48280265589100257
0.46344800771357553
0.43774410600083413
0.40871428660579701
0.37724837916250309
0.35670460361300005
0.66490784807175074
0.66487758836679811
0.66471728763469640
0.66460044029656373
0.66449598541869281
0.66420127320716660
0.66417124129631211
0.66425513735350517
0.66415331870994199
0.66400207698643832
0.66379613120538339
0.66331118381118670
0.66337986992545894
0.66271887829051757
0.66244445967280985
0.66224207615944386
0.66160541757849378
0.66139093294399609
0.66135419505416304
0.65996672322694228
0.65958945370455924
0.65882914218414923
0.65799967152554939
0.65751101263911149
0.65531029584958111
0.65396186710184234
0.65156730844045396
0.64977773971213582
0.64746413762328658
0.64652570694215761
0.64074066852976230
0.63631935172647247
0.63321514242615440
0.62582825896134731
0.61843192647668777
0.61162056016367328
0.60400685843747559
0.59392572635205321
0.58125561835412898
0.56745403924688331
0.54278673363599672
0.52683383623844449
0.50732055487512984
0.49252876255339684
0.47766363464865347
0.46193964491021200
0.42219326082644359
0.38727234560914403
0.35826663196977759
0.31828427419719529
0.66484820699716840
0.66474785130872394
0.66472490810193807
0.66460220323956520
0.66452497269779276
0.66431107952169555
0.66415022005973556
0.66405984587424305
0.66396793558932776
0.66366896223645644
0.66343986774869790
0.66301410554941431
0.66302523275060676
0.66219790625716590
0.66256065899647554
0.66166036662382788
0.66164586765243838
0.66064194377092367
0.65966304483715010
0.65993260900879180
0.65886787802270086
0.65693245184317073
0.65662187254284676
0.65527672061365017
0.65448725344565384
0.65145210414311339
0.65112216164500669
0.64945916059265496
0.64435946558260027
0.64097899288506066
0.63839288528054716
0.63160229505904320
0.62784010361032960
0.62078054053308107
0.61413245683343032
0.60328683086780133
0.59060265677280477
0.58401040605273136
0.56810751396251868
0.55280663869870650
0.53467109591343509
0.51892897648503178
0.49166221525500287
0.47019869277719673
0.45567549252561568
0.42358944927268494
0.39133278452175591
0.37415063721098174
0.33339057083145129
0.30175618381813041
0.66491190417586465
0.66477720346820113
0.66462726851083109
0.66460012485885100
0.66453463136621793
0.66423454339978694
0.66416316895116201
0.66404792743460606
0.66361275911630291
0.66339196272390644
0.66316493829521805
0.66321447173379822
0.66274593096425738
0.66226196589202635
0.66195671397867994
0.66140398029988190
0.66108343271614667
0.66050187816636852
0.65942494907925364
0.65917411346506083
0.65755217252553311
0.65697457644516377
0.65423745116799359
0.65423319077699538
0.65196402849461887
0.65021564012154431
0.64779284546933691
0.64311556742246023
0.64133349811681462
0.63815102170836568
0.63231748759397410
0.62961006588379709
0.61994474757177764
0.61397086193007777
0.60884617943999297
0.59395161899891913
0.58823813826616289
0.57118090270850219
0.55481191695236931
0.53919461274822189
0.52203047142762227
0.49959027818830981
0.48352648679363086
0.45353132193211942
0.42857665272397916
0.39763463341516558
0.36847313110575031
0.35503020614247849
0.31766365752870773
0.26761985447246017
0.66479666079855027
0.66460150660382400
0.66445615604845609
0.66454196337138616
0.66419027464222857
0.66403766062436076
0.66393159465256590
0.66374499994616265
0.66370197070509851
0.66319771460420673
0.66305582351134817
0.66266502199941613
0.66248276846898158
0.66214596679847171
0.66174645611291072
0.66082992723710277
0.66038901219528245
0.65998456892612367
0.65865151964116797
0.65768838518683248
0.65590815422156512
0.65590215222070591
0.65410087862357957
0.65200479615725171
0.65085143448143046
0.64857721786321199
0.64400034380568560
0.64074472592210774
0.63870417319872719
0.63497032812176379
0.63022184251993663
0.62229207005948295
0.61411318139387305
0.60452845939256949
0.59652516428744906
0.58723529577005817
0.56395291112199408
0.55525160458649614
0.53164273441106347
0.51864314225685959
0.49534667557837719
0.48059963495529934
0.46132960453771821
0.43812027811380583
0.40830421348981860
0.37013593304986991
0.33376531349033534
0.32169054053317914
0.28913294759759556
0.27189297135707957
0.66464238206945847
0.66469185677002796
0.66458671002896041
0.66419265082601275
0.66406455788565977
0.66405571633077209
0.66380845053668114
0.66365442559771060
0.66321556916055791
0.66306908649413732
0.66284577712067860
0.66237301101640478
0.66215454418977604
0.66196092234709969
0.66146958264244771
0.66097157884460889
0.65969615290279027
0.65916401480589204
0.65860942580282811
0.65717282874335203
0.65543780151384778
0.65428394423323377
0.65161649772439234
0.64944683379479973
0.64830729106377483
0.64541725981831988
0.64274819768467717
0.63806015846655539
0.63126122139937757
0.62766443507237746
0.61972095271255001
0.60895604814774074
0.60025095403772777
0.59761324580912523
0.58110585194552100
0.57134444134321749
0.55823060226443633
0.53064952499958351
0.52142502450811545
0.50257927225975352
0.48665792058463075
0.45448841697343312
0.43603756289605289
0.40922323571425301
0.37501151039673375
0.35164246437403690
0.33002871359916253
0.30004025561382242
0.25879703254026221
0.25355991362150410
0.66464995973476282
0.66427816117033567
0.66424807027630106
0.66417704847324166
0.66397757785406697
0.66382282350445432
0.66377341582021798
0.66337590139740399
0.66310308578243482
0.66282153245231212
0.66221951504476639
0.66230628897015387
0.66169961590057547
0.66169758191917638
0.66022430708367263
0.66024485317676329
0.65902881874806907
0.65806547777209690
0.65719343027684429
0.65573975704921383
0.65462484279137245
0.65264696402479361
0.65053277736872817
0.64718845728995045
0.64451588508277546
0.63979629459524168
0.63489831246673312
0.63478181367226805
0.62914493653264159
0.62274119592370625
0.61261961269438037
0.59858108241485253
0.59343335493060256
0.58318902895451818
0.57083165195011099
0.55236205473298194
0.53688113331715093
0.52896837041166223
0.50508880608080831
0.48037289552883400
0.46020180723915027
0.43491391032332216
0.40779962761528854
0.38681152130399576
0.36208989844909234
0.32676839701164451
0.29838244562408844
0.28936385567481648
0.26534598014552546
0.23088751043178102
0.66414136575869964
0.66421846601487045
0.66412634345980048
0.66417525184288029
0.66372305056942138
0.66372217081413565
0.66317742480947084
0.66324868145436300
0.66295579287884432
0.66228494927037296
0.66225471216163323
0.66165830456668595
0.66090253880469774
0.66032857580094018
0.65973363961722642
0.65819636406183535
0.65833518227399934
0.65729219726683907
0.65510571140436713
0.65457429789648713
0.65114967014384839
0.65038686492024600
0.64667319683394331
0.64367001404444923
0.64030094083261335
0.63508834827130389
0.63165500852786716
0.62727039233087112
0.62010914836377462
0.61505747664933763
0.60447843449397132
0.59128989942580135
0.57904975088602773
0.57524883764716361
0.55721422056151504
0.53774973361763545
0.52216379956598713
0.50379969816889225
0.48438463730071857
0.46228654778033440
0.44700351270843774
0.42890028634386390
0.38927242285147290
0.37930622598521568
0.35057542064585701
0.32510868556713879
0.29344335497975238
0.26495977211002231
0.26677110784583868
0.24013189216466535
0.66444368704293777
0.66428204258284151
0.66382672370896367
0.66381147989394629
0.66359583926534893
0.66326993457215222
0.66321806877700396
0.66268444729155562
0.66265273932346447
0.66207788798066347
0.66191286817415684
0.66119626262965037
0.66050797579166198
0.65989702624627533
0.65929109003592956
0.65818872246161497
0.65696966015187730
0.65672874466099118
0.65409745641417394
0.65309355292223126
0.65053660183379214
0.64832004599895499
0.64523366687517192
0.64049605441689206
0.63540462973039213
0.63082526186062871
0.62454605727282164
0.61835121520419833
0.61109038260660387
0.60533614114797230
0.59727113383699193
0.59017998632966573
0.57217788295967942
0.55948926672097232
0.54517281504573800
0.52951351142843373
0.51035978680133243
0.49326093904002000
0.47332644312751249
0.44068941156696873
0.42849637073264313
0.40234031852289187
0.37047260100905055
0.36167348499367236
0.33038481669015318
0.31333155413179459
0.28741104229557757
0.26596231074374865
0.26258448671863766
0.24434009608667473
0.66435658075297077
0.66404224946080648
0.66392546994391888
0.66361701569998877
0.66332153643890912
0.66309324419693572
0.66260276084634318
0.66280397473003794
0.66182554260298410
0.66151453396819448
0.66128077166279620
0.66034227812945767
0.65971081106510865
0.65795734675835915
0.65763767094008840
0.65670494084464615
0.65452984694990879
0.65349207778433083
0.65200409497882461
0.65125799833543629
0.64677904885738091
0.64308380243885588
0.63877682239811640
0.63397876656055807
0.63417403457258648
0.62867306849985805
0.61903950819223530
0.61478119500222261
0.60525515994040791
0.59806405745132074
0.58595016342810191
0.57544940802730293
0.55838227726171419
0.54700298525123736
0.53493836556268615
0.51517141371982078
0.49122206888868991
0.46763375241026472
0.45290448438135633
0.43457452617144399
0.40947472910375171
0.39932237676310567
0.37698216482500113
0.34649181222549097
0.33003703688808272
0.30340377746461955
0.28921322697735963
0.26483190106841958
0.25561442168595927
0.25092883827838508
0.66389608362057695
0.66385002771913770
0.66318331580055445
0.66352971560208207
0.66290493825267938
0.66244985334490436
0.66195655957556465
0.66141930606068344
0.66162990162199686
0.66064943739812743
0.66028533105774401
0.65931759815730662
0.65969210034359782
0.65731135443755662
0.65602092133159784
0.65501123738467393
0.65220164843327266
0.65244227381333142
0.64958415805315373
0.64701031416924049
0.64499789698886734
0.64106464470780633
0.63733854205608564
0.63103669939279661
0.62817673496820037
0.62389339404993271
0.61297018940362080
0.60589128767097189
0.59590797492072523
0.58801333223721075
0.57545206632996304
0.56291296714185091
0.54685672623145054
0.53216303276150501
0.52084820939435983
0.49779554804092474
0.48257213770477925
0.46077212809193568
0.44151091003337395
0.42836512664588988
0.40687139518674764
0.38906743710445502
0.36311348629347084
0.35331177910508538
0.31993723537420149
0.30099739474693066
0.29474540413583949
0.28349391129490853
0.26852904872107231
0.26118032598767393
0.66382988163861745
0.66360337394785740
0.66320114470699643
0.66311891250151334
0.66250663897879569
0.66228437434806120
0.66180076768960916
0.66124788621041075
0.66123931978162487
0.66033519739018454
0.65933199610600490
0.65808644036159514
0.65740992077299243
0.65616687506523674
0.65515733783319230
0.65303151750106492
0.65081915714574268
0.64849052731049928
0.64757853835822043
0.64253454800757703
0.63943256652637914
0.63447422387967722
0.62998289670998409
0.62585945865947057
0.61913071241907569
0.60779043042820846
0.60532918890766108
0.59623393547162951
0.58774488935716551
0.57281874913665232
0.56375401074193476
0.54886657984295351
0.53957517731673488
0.51581325428742208
0.50532379919809345
0.48622199325793658
0.46781258372689893
0.44550372236137459
0.42962846642980035
0.40853756620096993
0.39585980312626401
0.37933387517165529
0.35790714470426011
0.34065524725557106
0.32807467445220662
0.31840856174260967
0.30623515457950901
0.29059249918185837
0.27816460278133859
0.27048896764282671
0.66331727584605882
0.66304460992582126
0.66293946885908017
0.66263367549942609
0.66247074362744884
0.66173040376185299
0.66135807103749700
0.66036761033244484
0.66007335162197611
0.65860491986759939
0.65837956873352310
0.65725131399593728
0.65618652688967083
0.65480327373077918
0.65282618868160369
0.65172982111357380
0.64909211725797900
0.64742808811347641
0.64399807319817248
0.63901107016745362
0.63567942857790360
0.62962733012148453
0.62796968244212614
0.61996295049390859
0.61284168431856989
0.60423877174004903
0.59744927412493420
0.59057901236289023
0.58124132431426467
0.56916289427533295
0.55222647445663320
0.54371007465577748
0.53092446194992471
0.51575506285786532
0.49088976453279054
0.48427066310642819
0.46050076924828232
0.43332650101955805
0.42437363601523326
0.40793576200100723
0.39591479941510543
0.37316227226500942
0.36478777519785821
0.33969187045597038
0.33060269188506253
0.32133149433212860
0.30952014577224418
0.30598023935128305
0.29452210731637851
0.28941770535777234
0.66334370190681136
0.66259779666076146
0.66277291651001269
0.66226580639157606
0.66158644781936893
0.66080242003180867
0.66059078824120321
0.65981904876994202
0.65898248298901296
0.65804100699430657
0.65705551201109014
0.65590204595506973
0.65483975923700632
0.65330846535726184
0.64998663211467167
0.64717921980680071
0.64591550069128045
0.64341436190771639
0.63911817205091936
0.63561021480651081
0.63301858737738081
0.62642711037060383
0.62207348787532724
0.61377310927742479
0.60928909955399646
0.60240825779742035
0.59135762296688632
0.58153391149779743
0.56904616513350836
0.55804234120152074
0.54963976043881813
0.52926464232826698
0.52082532413786198
0.50646133895598000
0.48761316416356670
0.47477648505634107
0.45941968207823292
0.44564186506627013
0.42915755181973636
0.40992213038189207
0.39378209697645838
0.38577778284330577
0.36709324291711609
0.35624742455866831
0.34545999671389049
0.33664143504948296
0.32564731004503145
0.31994147978511089
0.31208035265534850
0.30418315306471055
0.66276897815612368
0.66239994769478305
0.66190639416838715
0.66190425487547833
0.66045018313823456
0.66014866638781144
0.65981652754769415
0.65849547076228399
0.65793887572980914
0.65743292801126385
0.65515273007446417
0.65380326879623962
0.65237205533363973
0.65067016143393808
0.64715795179097413
0.64764573272880432
0.64404999578350774
0.64010337946943385
0.63652287858969081
0.63120515994360593
0.63005425318226349
0.62454648580394934
0.61574633027811410
0.60869533728200820
0.60348256102124709
0.59264951966571422
0.58466681005176890
0.57337092381106181
0.56353502803519584
0.55500468826195326
0.54574491613281972
0.53047845164116314
0.51290787133168914
0.50067899441330899
0.48731624815732244
0.47587173428844598
0.45765918159030317
0.44193050297412084
0.43004182786975231
0.41590396216805647
0.40284449216235385
0.38985020596837294
0.38079752883854623
0.36881005090469443
0.35974236036468521
0.34595737681144534
0.33986954759607357
0.33236940274832616
0.32610482261813911
0.31691694431146689
0.66236967494393140
0.66165744359314171
0.66130390068695977
0.66091451480692109
0.66048634843093401
0.65939495490962163
0.65868773159126237
0.65785468926544755
0.65669351672518017
0.65564465800722127
0.65466597667013293
0.65272159173781774
0.65020900713869800
0.64856319284672193
0.64633185781863145
0.64429939004880410
0.64012209375056317
0.63772278454610154
0.63224330111234961
0.62730155464181447
0.62527729533959242
0.61766874151524909
0.61504692045432330
0.60254006653333203
0.59898538706226701
0.59161447526800992
0.58110337732738326
0.57276097230736678
0.56053462301293355
0.54851331985762908
0.53847958174491639
0.52676971499291203
0.51548897569623575
0.50570767298219921
0.48728786460564599
0.47418249055456940
0.46655643382473511
0.45083516564631643
0.43313193170340603
0.42300201137163018
0.40909299022034096
0.39872374199519789
0.39076455087710316
0.38162808491290034
0.37340076589731130
0.36287271331133908
0.35240032178952030
0.34766610582475921
0.34216374045231068
0.33620101537943925
0.66201880565740434
0.66150657022930603
0.66029254667072457
0.66011524840629066
0.65979981026485790
0.65870028187713969
0.65760572129027484
0.65652239513415322
0.65511752283498836
0.65379010297680207
0.65289826584038657
0.65107223610244436
0.64873336227159295
0.64587778955970165
0.64386666432606354
0.63939745521097480
0.63839013146621892
0.63329791316652329
0.63028497161096031
0.62643266846095735
0.62040351318495657
0.61276363394216005
0.61005878567065008
0.60237537973911726
0.59322738918925810
0.58844442654097939
0.57755009283784520
0.56600744784141688
0.56333519665622767
0.54968035789538283
0.54236491652664853
0.52767878122892231
0.51644845328994760
0.50535279121087773
0.49108316681786346
0.47882864218757770
0.47081779508846144
0.45980223239073093
0.44846482032429569
0.43628472326501044
0.42536162818761447
0.41443874372054368
0.39828393069501633
0.39293139489551376
0.38604315770601494
0.37757518974024029
0.36891581170461485
0.36797991053300094
0.35913477035490127
0.35305335732592613
0.66100578361283491
0.66054261755533783
0.65970542350681116
0.65880825889497363
0.65904207587482466
0.65772543824373175
0.65650237787960264
0.65525912977951539
0.65465071827916566
0.65327661149697958
0.65080314399553330
0.64961020296293470
0.64622489468728528
0.64423137538367137
0.64207215275227081
0.64034418056504849
0.63527616000211995
0.63285435519586353
0.62863605717759219
0.62426071700775321
0.62139232850166692
0.61321543359247344
0.60735661788449891
0.60019102423119830
0.59115809563595290
0.58442308362612660
0.57525678886011777
0.57046024123632866
0.56085291689136740
0.55133548702136226
0.54257453470261485
0.53173533266364670
0.52056820232690104
0.50713196491069490
0.49776867198670782
0.49178631509878823
0.47834443190951326
0.46310049274027743
0.45955901065951277
0.44716960129481753
0.44013213549704633
0.42761985159196980
0.41911703435543635
0.41100712448986376
0.40034202964940513
0.39404785283614807
0.38751880851753917
0.38334850357067318
0.37420142080465812
0.37253054719104417
0.66035554250716899
0.65986338992045979
0.65922046339944873
0.65847187612495550
0.65729083193093418
0.65627912437062852
0.65504176680093407
0.65490180892918703
0.65306749114175444
0.65105781099926052
0.65045709994861678
0.64710607971713019
0.64462887178884787
0.64340247139728324
0.64042707677111477
0.63743131636523520
0.63393886892542661
0.63033941037881935
0.62721798291829134
0.62335624707108883
0.61879793042376363
0.61439814213207167
0.60598706685148107
0.60105398563901713
0.59348154900293926
0.58662022765781274
0.58034632915766549
0.57398985513847700
0.56764383076934588
0.55499743872973661
0.54615169094074267
0.53609365210542448
0.52814278320620778
0.52121735138911029
0.50608806604109924
0.50149330631837752
0.48785431845012572
0.48020339142114044
0.47279556792164867
0.46016351841312786
0.45222122663544084
0.44194381733048205
0.43532073793628023
0.42391903464618907
0.41896667758041295
0.40961647898062192
0.40392456893404904
0.39913719565078587
0.39226447668876385
0.38723448225988910
0.65952682369214166
0.65915112836706280
0.65815496282126451
0.65796601561392332
0.65692716340935586
0.65600391258842028
0.65496253461275389
0.65378230042898111
0.65155413137505547
0.65089681200512650
0.64879329476822978
0.64721756657819196
0.64487820697340814
0.64208144330245775
0.64067658378776204
0.63653967831844693
0.63401203651030080
0.63069114702098639
0.62784614273542716
0.62251886720397676
0.61769311627230783
0.61223752823231692
0.60529383528229341
0.60359512852906727
0.59559773481355016
0.59140164738947032
0.58293395756381128
0.57851514265556037
0.57008960444240553
0.56173668562790502
0.55652312896136458
0.54493821703438416
0.53796092832707187
0.52990885127471343
0.52089311672989969
0.51166814104028258
0.50088130866863600
0.49103244121513934
0.48419101191106428
0.47576088566747732
0.46790959375870844
0.45832667773785818
0.45186900077893200
0.44039088749636546
0.43235812821909436
0.42855864090519291
0.41997134449696150
0.41339341873466362
0.40904229531824110
0.40312825796066909
0.65932286534300133
0.65903255656268644
0.65842272389478818
0.65725232559160485
0.65584032632849354
0.65531664394812972
0.65432138996478006
0.65321719128721434
0.65095363932288197
0.65025736963490699
0.64750332439731950
0.64601726531117876
0.64436128724427477
0.64233963906371372
0.63980662208109584
0.63744484343458452
0.63397989648942121
0.63107316403673419
0.62681001220363386
0.62345359769879738
0.62058013821104019
0.61562583344418709
0.61069488626834389
0.60636595067929089
0.59981449307226131
0.59727975913211773
0.58808231692520108
0.57970319215069399
0.57571039715531613
0.56801215864039700
0.56373596508297052
0.55543808707146058
0.54641804606474809
0.54024039979899741
0.53203826132457910
0.52356090759579277
0.51478396012484773
0.50628818893648919
0.50232405933934721
0.49092005560781193
0.48233855758985189
0.47369125834308490
0.46857589119110854
0.46281213015190681
0.45309709756402694
0.44545650455997865
0.43842042368883893
0.42973325274606378
0.42726693157472106
0.41773019327697369
0.65893129038699982
0.65829182823587751
0.65785294887150669
0.65694599250535246
0.65619474453568505
0.65504953946883160
0.65384141471888668
0.65283383247092219
0.65146519198003872
0.65003850608685343
0.64856329776520483
0.64692641241837634
0.64513742651340600
0.64289387259298847
0.64079968654254904
0.63675687598230257
0.63462266342007378
0.63220166722357951
0.62973497896775421
0.62638535009067087
0.62203457534057138
0.61916017184416661
0.61476217139682587
0.60895860567617910
0.60458281280102688
0.60016141533881084
0.59462671012629931
0.58825685124387861
0.58355257618411005
0.57920263177703757
0.57282754409493220
0.56431414865820229
0.55841991063676688
0.55046056766997764
0.54117067218896686
0.53741998918703682
0.52819710794002450
0.52024557645751357
0.51473688420171593
0.50473506387731459
0.49971063547081640
0.48770131907944114
0.48526777243578856
0.47574588742934154
0.46919279521227009
0.46298315765029419
0.45647723286709552
0.45191988596030097
0.44671288077551197
0.44016281303134053
0.65907906499789004
0.65811075661937724
0.65759733307763191
0.65690215321274803
0.65564098830447004
0.65504612745459601
0.65396507455430686
0.65308833387910170
0.65146548644263214
0.65043379718408223
0.64916953302709901
0.64720125536366391
0.64516370224389252
0.64405801965649268
0.64159695131723804
0.63951958307353052
0.63628006114430113
0.63410605869764214
0.63200310230503787
0.62835109975693593
0.62651912558643830
0.62219434951859964
0.61938462668616578
0.61373376024334148
0.61020285133862240
0.60514103451711965
0.60091811859123911
0.59818308582543778
0.59207197203615558
0.58579229967244106
0.57943947756555825
0.57316818324975649
0.56704954413397390
0.56383505177082771
0.55614184097549435
0.55020386898239559
0.54302792962971647
0.53565395868483412
0.52889275188947793
0.52038748821736047
0.51622377175071832
0.50589293141339464
0.50116590225151159
0.49441871304899798
0.48686560981731275
0.47894274522083913
0.47289107253906892
0.46817996243264137
0.46217461627277945
0.45506552506964260
0.65903459256948616
0.65821052241949185
0.65743273967687199
0.65674378784818432
0.65630268149574822
0.65502817269435054
0.65444703433145812
0.65342230172193849
0.65265235164337587
0.65110417708334523
0.64933390500623822
0.64899523933653380
0.64703890768035643
0.64416517672850293
0.64369738745942806
0.64123367419543176
0.63874000276279519
0.63841315315625025
0.63398788199337530
0.63195704347523951
0.63047034172000205
0.62644653171376186
0.62346944369305257
0.61946074981463406
0.61527215152046266
0.61253048397411325
0.60700711654819939
0.60406063931453891
0.60024881305391986
0.59556205242478666
0.58881252758974822
0.58392184824995064
0.57825077921971213
0.57291788115248365
0.56578476521219923
0.56207182987708126
0.55489529831375806
0.55062518137689365
0.54187494999034680
0.53568852967981584
0.53096021491820122
0.52423984123839129
0.52023538374577138
0.50974813578220557
0.50466266912864399
0.49785116145946506
0.49323957083780889
0.48806866472293498
0.47853626035650443
0.47207229695853503
0.65898603074800732
0.65852247884782666
0.65801478890108034
0.65754999800800285
0.65674975012303616
0.65561008484736594
0.65467977844042313
0.65419678628221267
0.65349173230478974
0.65175576429357629
0.65082291486031985
0.64936974282496585
0.64877262705023198
0.64707250535303151
0.64458878144342657
0.64314367661288940
0.64115948000628054
0.63963348929670027
0.63800325750134479
0.63637287273066723
0.63296169173949179
0.63031408801026556
0.62849138792364245
0.62603881425893670
0.62148203577181160
0.61838150784937096
0.61549642607602395
0.61122807708402094
0.60714379490843251
0.60118852720495974
0.59845115963268225
0.59337569400035761
0.58830614660417868
0.58379746660142362
0.57976234998516829
0.57396213056360468
0.56897054931375668
0.56562826869975047
0.55581020199388542
0.55339702146910785
0.54727991944722199
0.54092898220677621
0.53158494730658723
0.52697938354622798
0.52301368437403339
0.51758788766718189
0.50684613866102990
0.50473832998272217
0.49648417417728685
0.48919716534469515
0.65947583842811286
0.65889545431282315
0.65860410795628055
0.65765540408558598
0.65709098281061384
0.65672132381163517
0.65598827600084331
0.65483209599429615
0.65390005714993982
0.65327879613453010
0.65209458674694254
0.65114297004062494
0.64966788188787539
0.64902083605602923
0.64765075139944850
0.64644132912704588
0.64435542170780469
0.64248639190471413
0.64099407343484582
0.63935918132619340
0.63602613690579379
0.63421469435101363
0.63226659141334773
0.62914767420114015
0.62690332753230449
0.62408118327887840
0.62017202881266997
0.61721996394510159
0.61605836577387507
0.61182446830311321
0.60867691733082463
0.60185645711930369
0.59927068514704107
0.59459351764081725
0.58995079249811200
0.58759402007891115
0.58131679903006139
0.57599521573688217
0.57175098181036721
0.56717343120334074
0.56070148562282207
0.55604239730677441
0.54920663135522085
0.54528470288553232
0.53552280046459155
0.53401391907642215
0.52670080108892248
0.52089711206057776
0.51405385243683499
0.50951188964213201
0.65971742929647292
0.65953573927358544
0.65883691162124569
0.65852158000946714
0.65803368870296208
0.65705014306675147
0.65655284552410298
0.65593322384129471
0.65528978142959937
0.65447831986344485
0.65351226323747136
0.65276590936403689
0.65170091156168430
0.65062428817852624
0.64955800249455198
0.64813481732773570
0.64650636528755434
0.64564203304116941
0.64343049311866318
0.64275979612244294
0.64096820688420264
0.63808019767047497
0.63604793933621173
0.63326488856896634
0.63188644955453832
0.62877304561600345
0.62659298226268878
0.62406941157250428
0.62050116169330360
0.61833675560938217
0.61509462836388251
0.61146591550738782
0.60692066561036673
0.60393989110369839
0.60158402081488971
0.59624420518178411
0.59348690414093641
0.58840916469958704
0.58218513812188255
0.57759367255618788
0.57263344087990919
0.56859491540354934
0.56459732776490212
0.56073592566625718
0.55233264366176305
0.54902938572223525
0.54470206750822636
0.53905860739418632
0.53092435499398838
0.52418732765849896
0.66050657487777809
0.66008040277127566
0.65973092655633025
0.65907982062892023
0.65864481421451582
0.65806398056038895
0.65743870234396073
0.65705266769127024
0.65666665029172955
0.65553474992922323
0.65470029811932207
0.65397178008923884
0.65266363189693311
0.65242629152963161
0.65124508324095409
0.65012474534100417
0.64914005322601098
0.64778580694104848
0.64626188573504750
0.64533289924838377
0.64314232311717623
0.64147337361411372
0.64013699870590113
0.63861536968596511
0.63628942048644221
0.63443257318661339
0.63247203609854119
0.63026317931659137
0.62763295335873925
0.62423979217991143
0.62142561197100954
0.61960928702333973
0.61668066892850648
0.61291722740380150
0.61024901807312348
0.60748659418777162
0.60227293570084628
0.59846911700295080
0.59616326440810685
0.59064272042811417
0.58733610079314502
0.58139718288079134
0.57735438901311720
0.57324510889433611
0.56992466936205710
0.56425622242003559
0.55944709239886214
0.55329407343234815
0.54817795177123063
0.54284655239686108
0.66073161882183729
0.66068932968328653
0.66019175013429932
0.65970369908533366
0.65905031005307979
0.65867634286769428
0.65846550719635855
0.65815495019485515
0.65722223082248066
0.65689835951823272
0.65614557230978532
0.65506784496783210
0.65433789605717729
0.65362776258807864
0.65338189817553438
0.65197469669148966
0.65107877161921091
0.64976898274582817
0.64892815970959794
0.64793482634363397
0.64660551136545730
0.64531836709180646
0.64366408754903393
0.64207381350711312
0.64031102400037154
0.63944318619257579
0.63770465435822032
0.63506850909847345
0.63349297417938499
0.63077626865002956
0.62811280491498467
0.62706074015073110
0.62333854099495722
0.61987373489433018
0.61827857650966822
0.61446498357306556
0.61238191443853873
0.60946666771607472
0.60559610476436876
0.60175219266207058
0.59931309991723802
0.59454816382229347
0.59098280611595555
0.58708706124094245
0.58114550173253676
0.57833896542473573
0.57267746741733816
0.56780604324904860
0.56303418663696236
0.55886606877817080
0.66147655123512616
0.66105198101583040
0.66069021002481021
0.66033927505839130
0.65992975849895130
0.65956497624334665
0.65900620375250885
0.65860694615635684
0.65835389402286970
0.65792565296472461
0.65714117967302155
0.65659959258847100
0.65626685926178441
0.65521588666410779
0.65491045133949644
0.65410034207564394
0.65310726276371778
0.65208572228592621
0.65131811481675705
0.65050467003771995
0.64890303016427398
0.64811088300553366
0.64650779150304394
0.64617573343532209
0.64480801526744536
0.64223577904525175
0.64121357830886017
0.63946662685160738
0.63871500919106250
0.63605957678721770
0.63457055348684188
0.63240617976219027
0.62984897060529677
0.62815800534379551
0.62546643131892110
0.62283729954890288
0.61985678051956361
0.61662159234734260
0.61415087342300068
0.61131720639053233
0.60897632144681224
0.60555994914295808
0.60288053310904022
0.59769854637514874
0.59316677297210973
0.58953819364803439
0.58674003812661879
0.58240332120848937
0.57672970257593237
0.57455391787996435
0.66177963210252000
0.66142887372369841
0.66121172448419385
0.66093516319762635
0.66078207938577327
0.66024834215346695
0.66009363758215667
0.65961970488534249
0.65927758468164577
0.65891186056324846
0.65844002641257593
0.65790973033813738
0.65726742125925974
0.65665628338521320
0.65594516768787015
0.65542606326518627
0.65473029835891039
0.65434898540230235
0.65341638085982412
0.65239117824537929
0.65194491294643053
0.65067733479645584
0.64968863961564227
0.64898245710827807
0.64749583745638728
0.64627171440108433
0.64521359968041647
0.64432810307552413
0.64201641450020464
0.64033182600752991
0.63876945325577472
0.63829902779043934
0.63586036182203254
0.63307492825608447
0.63069391271724573
0.62975617423900954
0.62691039130207882
0.62511099336436371
0.62165913704420872
0.62019320610326201
0.61681017318827935
0.61455666565699896
0.61046304172191324
0.60778891375643895
0.60458180632734426
0.60227656694613696
0.59719688202726906
0.59516909676779362
0.59189789774848189
0.58667085752373360
0.66220075986719995
0.66206517856552927
0.66166756275845118
0.66149794885090940
0.66125352031843110
0.66090885673201449
0.66067064678084209
0.66039710121391582
0.65981823629076375
0.65972136705192697
0.65928638539600215
0.65898302624728045
0.65810650003220106
0.65804222180645533
0.65738618374630287
0.65711358786524254
0.65643154430671080
0.65564469417442339
0.65468227588363503
0.65421192999262234
0.65360987505870694
0.65266649405405852
0.65208580519079007
0.65077178046654605
0.64979365983515192
0.64927972438836545
0.64793728436478881
0.64721865887819519
0.64603738828024015
0.64461609000366271
0.64334817326006333
0.64170950609915223
0.64012318214088393
0.63842481635323578
0.63602193776222937
0.63469436352645148
0.63309829894228875
0.63144720209631777
0.62839804400928356
0.62659556482174383
0.62525148973514288
0.62223340751352341
0.61990664267735862
0.61703773687303598
0.61400595612516629
0.61082427933307604
0.61049739025822469
0.60528026822266101
0.60347396895952521
0.59922086434221522
0.66258771254031923
0.66256287057274732
0.66215686229962900
0.66202776905476712
0.66182666210909236
0.66145542595670737
0.66114927392251888
0.66083638940171463
0.66085652558493158
0.66041909171114677
0.66004211505176635
0.65981181771389619
0.65917133922109983
0.65887435936777949
0.65860926149834009
0.65812153090900827
0.65758063417520574
0.65732180889841163
0.65663282308227289
0.65596047130717361
0.65525172291800649
0.65491355644291016
0.65412879365167020
0.65326892759727284
0.65269901430618027
0.65166824096066134
0.65114135898355119
0.65026166157006071
0.64855921134028915
0.64756652227964939
0.64656584587432686
0.64546183490798570
0.64453379763386409
0.64278342927861964
0.64123126330856173
0.64010804671969268
0.63815393829370293
0.63759111981554906
0.63488365042514450
0.63339480926613645
0.63139066564105684
0.63038950254961179
0.62663838261022431
0.62454949197769682
0.62378049429084625
0.62023391669061223
0.61885200574851429
0.61393347064811343
0.61304630598776932
0.60952156560838933
0.66309065383595078
0.66295499428519933
0.66275277563372292
0.66267535169022307
0.66232918475124714
0.66214802930331662
0.66173416448666356
0.66174257501989930
0.66134627209681707
0.66117489089431314
0.66081404374944452
0.66055254805496799
0.66024766437088833
0.65997829010295983
0.65948295654978994
0.65917538966217570
0.65840062537392297
0.65836203370486290
0.65803133845393447
0.65736748826526048
0.65696222150344763
0.65663522298767951
0.65579307805041842
0.65526177451871770
0.65444730026545739
0.65379524749885332
0.65305288611457957
0.65265787571030498
0.65161381344266056
0.65020818516876311
0.64979668978835026
0.64858449650331540
0.64787242380126298
0.64658554627603071
0.64559667309862789
0.64453980068066841
0.64341848616702801
0.64165584117302787
0.64026400806559580
0.63827505683697561
0.63716791452344967
0.63541826328675755
0.63279228791698527
0.63200374451009123
0.62995360838156911
0.62689558123791234
0.62516629052657302
0.62284424790986948
0.62131918645284578
0.61822606861406904
0.66335679285146887
0.66323474224332146
0.66312316340612254
0.66294906827700739
0.66279479549644105
0.66252618438977406
0.66242270000959880
0.66216086059997981
0.66196423175428765
0.66176108593314575
0.66147628783647017
0.66131092813572812
0.66096688288901229
0.66066616321769767
0.66051330166789224
0.66009262947816694
0.65976585550428291
0.65942090169846890
0.65908349091965668
0.65859876506196646
0.65844539276915448
0.65778717201321157
0.65735303187859850
0.65658721013085874
0.65641754936190155
0.65538320968425046
0.65523564475733220
0.65428469749666296
0.65366784240945242
0.65327862604957021
0.65240708886665633
0.65136722814331938
0.65057754829569836
0.64988781031510201
0.64923230731261317
0.64779362525140116
0.64664985626566462
0.64614568912464798
0.64402011846643914
0.64315492325498425
0.64175872249788801
0.64048941927401770
0.63952512873629153
0.63678164077527444
0.63591050471354982
0.63434890872838900
0.63200013019090240
0.63078786907440010
0.62907209285356191
0.62622486575130365
0.66363608481093139
0.66362808329539136
0.66341345185936340
0.66327415669748135
0.66314122037623147
0.66301825280621574
0.66286500115895919
0.66272964834563530
0.66245729156811195
0.66231797916821566
0.66211626962106229
0.66195488325019836
0.66162219584185911
0.66142470962982958
0.66115377522232266
0.66088211094820881
0.66068967355700958
0.66018093684789680
0.66005906818407345
0.65960041286564308
0.65939153493049485
0.65906727963922562
0.65851755752372565
0.65828023640291788
0.65758802119944504
0.65756404351978226
0.65672859738660749
0.65627279023618690
0.65552800865018546
0.65508439775193139
0.65453200275029144
0.65370323008072906
0.65315979041350392
0.65250540869682494
0.65123096221874732
0.65064418614295494
0.64979284649879043
0.64919752849441925
0.64808162638777511
0.64687857827219508
0.64643109064295678
0.64433928861624734
0.64407659717149790
0.64182664674252321
0.64093092805922647
0.63874065503141475
0.63830829147383006
0.63649293948749086
0.63481363085515841
0.63271525580610077
0.66398106881858987
0.66389886146248855
0.66374023498894053
0.66366720120642797
0.66345714111067511
0.66336748175611515
0.66321673411425763
0.66309987164535444
0.66295936792047117
0.66277707441806843
0.66256103063607996
0.66234319869209601
0.66227400985751839
0.66213131792740898
0.66175778017783649
0.66151478492077054
0.66137014393949123
0.66113397050338374
0.66079866051439207
0.66051750519817110
0.66023410988784748
0.65979520459876562
0.65960658660831850
0.65915393322018501
0.65880251158567849
0.65843279219616102
0.65800979204443499
0.65752678209071802
0.65723491644314658
0.65663474016029166
0.65612995675371710
0.65567195832936465
0.65493137310661609
0.65473787257199278
0.65399230047586343
0.65298025204728716
0.65199996507501168
0.65214846627786405
0.65092264973062175
0.64999341159655444
0.64939081969497714
0.64850078170891368
0.64724826665859436
0.64611264457597484
0.64545001910934552
0.64402883580219528
0.64284942654289368
0.64129141471774342
0.64092369588403342
0.63935219245886676
0.66418801170955932
0.66409468242581515
0.66403610021300508
0.66391644314195308
0.66383887886451176
0.66372933068108098
0.66351552716183826
0.66338636575839227
0.66333732384108512
0.66323092486208601
0.66305860549237128
0.66296768042204235
0.66268967299157133
0.66252680835247868
0.66235572460201497
0.66222367269014637
0.66192868363193580
0.66163688036872792
0.66163207227569520
0.66119654785827331
0.66107878875739368
0.66087932501167546
0.66042803501793490
0.66031619472274561
0.65986170119638388
0.65967294046301150
0.65945317564888262
0.65889587231470315
0.65867792433859418
0.65798498937984773
0.65753368080662034
0.65727716941394909
0.65674923724867273
0.65629977547859597
0.65586093430501391
0.65517345750733458
0.65475872291597148
0.65420529265535876
0.65328930680164254
0.65256483151374345
0.65204062283882569
0.65080299985746570
0.64998772545999051
0.64961121712839254
0.64872344536221993
0.64724717204165882
0.64622701719370546
0.64548121409971593
0.64491651269883266
0.64421074869685624
0.66447441479136793
0.66440985169224276
0.66434514085315521
0.66419102605176872
0.66412696471946187
0.66401477530250608
0.66391082837463189
0.66380048993246876
0.66362580167628360
0.66356376059536393
0.66338534851322328
0.66325875185842498
0.66321096710979988
0.66298023901046310
0.66276162546302075
0.66253082084699133
0.66246505764777519
0.66231352965720469
0.66212118835730727
0.66193015847896874
0.66175914657318102
0.66156122838336773
0.66129098809859554
0.66110244509732130
0.66075088434152496
0.66040131186892537
0.66020793880230111
0.65980578222082631
0.65951407244178450
0.65929254103564372
0.65885487418662769
0.65858804792135528
0.65794593662858891
0.65773594226747367
0.65739661240359304
0.65703109588744857
0.65641958216447638
0.65571790680815933
0.65547205674230158
0.65504151552189649
0.65436792625690088
0.65378236647257404
0.65264406981227485
0.65254437397767617
0.65150607675967409
0.65081340683091016
0.65013544152101632
0.64921919277606910
0.64841984037635880
0.64722829349578781
0.66470860663974940
0.66459541125267441
0.66453613027588110
0.66435316882990025
0.66432069764531310
0.66430534835550148
0.66415076667778672
0.66407173867057834
0.66395423801437747
0.66390282290580105
0.66382756524104991
0.66365276585676392
0.66349501803000777
0.66333887556820748
0.66329880634142158
0.66310859358543972
0.66293561729367156
0.66287350905070408
0.66270604799016641
0.66249733146591772
0.66237058050395037
0.66219926518198924
0.66193691158702772
0.66177306790332513
0.66152242170826869
0.66127618693590196
0.66096144000207202
0.66073726496201723
0.66052924197139684
0.66022920990928169
0.65998868720810400
0.65963526386769633
0.65945475731579051
0.65896671988037270
0.65869198352679259
0.65818656765677597
0.65797309806590598
0.65729975778219285
0.65680218795651402
0.65654054266566986
0.65593244155762032
0.65550191423390225
0.65520424437130975
0.65445808600415634
0.65377088946160278
0.65327590270711822
0.65284973579760774
0.65145878862862827
0.65118790139050564
0.65034625008071612
0.66483749042601148
0.66476377375580964
0.66469981061608308
0.66465376071459370
0.66456169855160185
0.66451214889104837
0.66445635361289668
0.66437309050764681
0.66423002816542676
0.66417254388078539
0.66407685167400343
0.66391528682431056
0.66384645397658315
0.66370697038382631
0.66363426678901005
0.66348739772129761
0.66342022160479941
0.66320731232517272
0.66311252782621732
0.66293809915757673
0.66296752838452144
0.66271653712710821
0.66252868123396902
0.66234735676215628
0.66217854944204713
0.66192217987467472
0.66164429913655320
0.66155307836654709
0.66127365464136756
0.66111532690737773
0.66090032312004621
0.66067139657281659
0.66058044457034937
0.66019323855644785
0.65974709044350732
0.65936396262807839
0.65914947153766212
0.65892494408119739
0.65845452279487526
0.65798311409133348
0.65758773968240991
0.65748325271735641
0.65665865033390303
0.65628918439573458
0.65571420422350557
0.65507008798234412
0.65492743537701337
0.65411531507595799
0.65355596053601384
0.65257345623783003
0.66501889695556138
0.66494577040215352
0.66485725116999395
0.66479731072895909
0.66474059195186408
0.66467498837536976
0.66463385058113733
0.66453637107001562
0.66450029955937784
0.66440158105766467
0.66432097394415601
0.66425289396459020
0.66418695006076933
0.66405898415060460
0.66396650839790161
0.66382609882490351
0.66376408738752413
0.66361192359890275
0.66354749118488709
0.66339417695811376
0.66334844061660458
0.66307287588031472
0.66288401209214554
0.66279442315774029
0.66274848681993537
0.66262241539401456
0.66237302685994581
0.66222228479427003
0.66193117106293253
0.66180391640815861
0.66158139959782614
0.66133684501196688
0.66118586542168800
0.66094372484809516
0.66072644706354922
0.66035194367593597
0.66005047706096276
0.65986515512772259
0.65957005529765012
0.65916611182811202
0.65883187598672843
0.65855814301189097
0.65841018740880464
0.65791441357355673
0.65764839099202044
0.65722867657028039
0.65675887105641806
0.65622870400386257
0.65562574257947415
0.65505512433788904
0.66512079822966808
0.66511631368029789
0.66503433985293170
0.66499681288845647
0.66493264185266387
0.66490623810909866
0.66481434442409360
0.66471990919251889
0.66467365109550447
0.66463054917951370
0.66452451301546045
0.66445588951211121
0.66438959592527269
0.66433498278026404
0.66422105946064258
0.66413229478819180
0.66406399827238183
0.66393106847176164
0.66389227792641947
0.66378016320484257
0.66367979515663489
0.66361430168897606
0.66340912455766454
0.66332374040970732
0.66319786555350735
0.66298155489564337
0.66289185146992002
0.66276775828946555
0.66250830695639173
0.66245348592912778
0.66220609888532178
0.66211154258170424
0.66188977073460342
0.66176453109331557
0.66151493285437446
0.66129991621413997
0.66115495894417209
0.66081463940297269
0.66047983400594101
0.66033326774424916
0.66010144048073904
0.65981255366187641
0.65953503984191442
0.65918295115110681
0.65880612033783092
0.65833584818981428
0.65815406729347747
0.65777269367963198
0.65719599216691771
0.65678057538323176
0.66529773830263250
0.66522179996490149
0.66518535558482272
0.66513399603428591
0.66509987497429079
0.66505056060389045
0.66499287718926925
0.66495036969376897
0.66486794207562983
0.66482274366434402
0.66472716531196474
0.66470506634123638
0.66465245865340705
0.66459599393486735
0.66453395685539940
0.66445059912425120
0.66432352442168252
0.66421797207970390
0.66417096156251942
0.66402096784745979
0.66398320298667579
0.66392255669568867
0.66379065699617112
0.66368692978881827
0.66352185326248825
0.66345299557292503
0.66331940734978434
0.66323432332695309
0.66305821908242257
0.66298783307257736
0.66284147270319094
0.66262627013706954
0.66249201598051222
0.66231789343698200
0.66223994300916389
0.66202121387673341
0.66172715422890505
0.66170379205210172
0.66142585601903381
0.66122987350262852
0.66104404380261883
0.66074898536662219
0.66040897289617617
0.66014418660375418
0.66008017155762255
0.65963583500109335
0.65927477067805951
0.65901755872398748
0.65876430868441704
0.65841112106930644
0.66540499875831061
0.66536764938545101
0.66531538292668191
0.66528266172274153
0.66520751322825078
0.66521063599791619
0.66514506814861285
0.66510248715635045
0.66505857323115869
0.66501170646479546
0.66494682751422873
0.66490233495643403
0.66482005097966179
0.66480502086597038
0.66470672398885267
0.66460031341561554
0.66450646992709372
0.66452269992548807
0.66440446852620871
0.66435039130549645
0.66425416491057199
0.66415914933547859
0.66412477608534459
0.66397722992163466
0.66392366781682177
0.66384758851990511
0.66371899181938598
0.66357453684917878
0.66344975624903890
0.66347002881494022
0.66333366323769583
0.66314793268281735
0.66306724043758480
0.66281422881614471
0.66272946411783162
0.66258443012573653
0.66235884730310479
0.66230336914444154
0.66203512233555095
0.66194705742218130
0.66165869131546551
0.66140829841362603
0.66135593327441167
0.66104996166618757
0.66078608562835728
0.66063688098067908
0.66033375900816016
0.66007308235721662
0.65984347514949793
0.65955329793450002
0.66552047326602626
0.66549711489125318
0.66544812428351241
0.66541452456345018
0.66537273730921309
0.66533549199525388
0.66529143490758946
0.66524604515067443
0.66521613920427436
0.66514686828022107
0.66508335321264045
0.66506678451574697
0.66501778540361345
0.66493689122795441
0.66487748041570449
0.66482546542947485
0.66473488357768695
0.66468566149441477
0.66464127968047571
0.66456834954306809
0.66447841056650192
0.66442843413505759
0.66432287466840712
0.66429243520947923
0.66425016008267468
0.66408104275870561
0.66400924178404841
0.66396639323987172
0.66379337325907173
0.66378023399607611
0.66367598193032595
0.66353977437966316
0.66335387437772586
0.66328266044929041
0.66323286694633232
0.66307322823606363
0.66295385655575267
0.66282306095713128
0.66269115222139985
0.66255978433198304
0.66231581645730020
0.66204749564479282
0.66195956709018522
0.66187847556360613
0.66170558501059373
0.66146588406992379
0.66128913252822508
0.66102794835609968
0.66070778890634885
0.66047393404412125
