-1.9328517536830359
-1.9303079290178573
-1.9289283602678573
-1.9264726783482142
-1.9235989919642857
-1.9215410289062500
-1.9184951036830356
-1.9173159955357142
-1.9149612508928571
-1.9111792276785713
-1.9088738493303570
-1.9056226443080360
-1.9034654177455359
-1.9007484696428569
-1.8970826388392859
-1.8929873838169644
-1.8904784858258927
-1.8857461051339286
-1.8832022985491073
-1.8778996598214284
-1.8736208504464287
-1.8685812979910714
-1.8643563511160715
-1.8582988522321429
-1.8551739154017857
-1.8483856598214286
-1.8404917928571429
-1.8310451395089284
-1.8222532813616070
-1.8215653683035715
-1.8015079936383926
-1.7863122601562502
-1.7797136313616071
-1.7621452739955359
-1.7229822928571430
-1.6779545345982143
-1.6460085446428572
-1.5940801023437499
-1.5599690917410713
-1.4440701293526785
-1.3971592761160714
-1.3214468469866072
-1.2650514559151786
-1.1852982017857143
-1.0905385249999999
-0.98899945959821434
-0.95157376473214283
-0.85866277756696419
-0.81390810848214290
-0.77700172399553569
-1.9315021177520737
-1.9295866467221880
-1.9265188009642018
-1.9251264681342963
-1.9225907208453523
-1.9194426034880518
-1.9175119339537869
-1.9142400527698762
-1.9118998798190372
-1.9082109799629710
-1.9067597127365747
-1.9046920961632900
-1.9015432590497814
-1.8978565599798127
-1.8938519175415931
-1.8910131721424510
-1.8869073572158439
-1.8828744998173086
-1.8801214960433914
-1.8745770185595980
-1.8716833928821242
-1.8659856840786588
-1.8614051453338902
-1.8549684511778441
-1.8499338418245803
-1.8380091918943204
-1.8337484374020625
-1.8311489370214435
-1.8155105562580196
-1.7995431308936092
-1.7797200984129702
-1.7806810087436418
-1.7577855182883262
-1.7323695510643795
-1.6936614302981041
-1.6567342019277511
-1.6117042027608754
-1.5587785285587628
-1.4847030524070404
-1.4192280044886636
-1.3210876446746542
-1.2566837795029304
-1.1716349724251840
-1.0824506472850375
-0.96383482746950944
-0.91694013803771690
-0.87138902763040416
-0.82014831567754132
-0.76241765839975917
-0.72291124955050734
-1.9297352274421979
-1.9272231636912633
-1.9246592430597382
-1.9228202648777266
-1.9192779405529368
-1.9177072272311595
-1.9145683074772872
-1.9128605344332872
-1.9098425509509369
-1.9067826863323081
-1.9041039160726139
-1.9020236566250197
-1.8972588825992998
-1.8947976866239533
-1.8910310166361264
-1.8881352636137041
-1.8835585568449393
-1.8804607430023594
-1.8748294805238483
-1.8732372932330992
-1.8672620621045877
-1.8599163821088489
-1.8561413470981449
-1.8490752914712640
-1.8394910840160805
-1.8340326207842392
-1.8230430290404063
-1.8179445177832338
-1.8114324303453953
-1.7946489462622754
-1.7655399254646547
-1.7496035571327646
-1.7185318090314357
-1.6847189605027548
-1.6449383598700464
-1.6376114516797504
-1.5525102849222157
-1.5214401564596722
-1.4698180641149572
-1.3205883089572357
-1.2619306461815496
-1.1467580849950219
-1.0863015559719689
-1.0094428589425894
-0.91294095508244588
-0.83937228338052938
-0.81921916326506428
-0.77373393817270175
-0.74223872341485087
-0.69233163149691612
-1.9270034414777943
-1.9242828652798214
-1.9233302855545111
-1.9199640621120324
-1.9173218583579270
-1.9152116038472555
-1.9120735545309000
-1.9094687610579661
-1.9062401436192471
-1.9035524220503302
-1.9010392296932452
-1.8972874549011851
-1.8946081017549399
-1.8908462911427766
-1.8878309326765561
-1.8845147630351256
-1.8798864561035860
-1.8789269770252712
-1.8732791313383523
-1.8663704143145783
-1.8613617344552780
-1.8585519173864093
-1.8491490109195106
-1.8442362966313497
-1.8374402630709468
-1.8321870305277042
-1.8196962520263997
-1.8118340176806000
-1.7912460510184338
-1.7699412675684141
-1.7658179661019158
-1.7285901970700244
-1.7029394085606744
-1.6757569427084849
-1.6128366881622032
-1.5704401379262984
-1.5108753785632478
-1.4186070825779158
-1.3444484094584719
-1.2847847462230806
-1.1669154572902420
-1.1052274724878879
-1.0457539164843195
-0.93786675458880508
-0.86571802236932549
-0.81965915487271379
-0.77596991953877192
-0.73951276074614403
-0.70232114493156872
-0.68166419031890768
-1.9253557878089993
-1.9216838707752792
-1.9203000577898159
-1.9179795969468802
-1.9152167230361479
-1.9123655709003888
-1.9105925766788192
-1.9069318669657218
-1.9044600989994964
-1.9012467502935422
-1.8982801398987514
-1.8936522211342635
-1.8904196616366551
-1.8872670686553288
-1.8829442001114891
-1.8784445057729073
-1.8741821860598176
-1.8721478084174177
-1.8658770669640306
-1.8624083129292734
-1.8573924499817740
-1.8497610567181433
-1.8404247448635147
-1.8339902080661976
-1.8299421340807833
-1.8197641498753883
-1.8039003939677414
-1.7917115022273247
-1.7708105718780971
-1.7575756444836361
-1.7213406125298669
-1.6868682503176555
-1.6539823478894722
-1.6232322885243466
-1.5549553757113550
-1.5260338792540922
-1.4366850696998279
-1.3658301329110962
-1.2668354902569887
-1.1544511228771583
-1.0757873709982895
-1.0365330587026242
-0.93403215112388271
-0.89185198285089662
-0.84305931196925099
-0.79733680759316750
-0.75652297870553364
-0.71343343541976934
-0.68302454657620859
-0.66105630387556436
-1.9223495310514924
-1.9195585988555692
-1.9173053105944085
-1.9149098528531088
-1.9128090899121286
-1.9091880115533257
-1.9072953388102145
-1.9040780810101350
-1.9004755774632016
-1.8978238938119674
-1.8947268801761901
-1.8901341590193337
-1.8873615543453635
-1.8831656853906207
-1.8784712602749050
-1.8737888434352581
-1.8707328849239804
-1.8646876918624844
-1.8601238294408060
-1.8602167923626627
-1.8494758873948800
-1.8468870298154916
-1.8366328441451352
-1.8221824674675298
-1.8194204384519708
-1.8051172951333363
-1.7969890877562755
-1.7694499185123842
-1.7583476537860583
-1.7324277898467915
-1.7184422176083203
-1.6760195878048751
-1.6340711254012803
-1.5677961381807299
-1.5488562257249510
-1.4343568764125867
-1.3556069744835719
-1.2696051475372689
-1.1939286597721195
-1.1054197089814346
-1.0199096577700808
-0.96481162301295487
-0.90070226774006701
-0.83798176196607899
-0.78236487189299719
-0.75524285391294377
-0.72090633580439811
-0.69507174352019263
-0.67137427076330314
-0.65972514349945777
-1.9192476677569226
-1.9166011786261421
-1.9145951926969027
-1.9115824808141404
-1.9085923720592213
-1.9069050210230647
-1.9030141949422217
-1.8999936564084170
-1.8967949068109307
-1.8930527253556928
-1.8883183355706030
-1.8856782457312893
-1.8828705802412713
-1.8776796754257525
-1.8791615756242745
-1.8700743449674309
-1.8656796792548342
-1.8603486739933945
-1.8531854413704436
-1.8460131768334711
-1.8422151317966535
-1.8334796137527931
-1.8214044426337890
-1.8210475325505240
-1.8048214799457589
-1.7857592876953969
-1.7705003106663988
-1.7512048963554687
-1.7356356448845656
-1.7095172798489648
-1.6760630468021034
-1.6179260097718402
-1.5631799404648474
-1.4961895254785489
-1.4404236150580987
-1.3613716273158745
-1.2643976409087716
-1.1573803812903696
-1.1011012161075593
-1.0338548873345548
-0.92976116080281968
-0.89997601924522641
-0.84426027567585893
-0.80367823502554780
-0.77917276572283201
-0.72239704158933882
-0.69284394913869107
-0.69110097309006036
-0.65860508306973065
-0.64828301492122065
-1.9162269307102573
-1.9133418465410894
-1.9098594208372759
-1.9083215469379184
-1.9055144851176540
-1.9016503751700067
-1.8982556116903921
-1.8956743921887800
-1.8945492047891350
-1.8983940476904793
-1.8911018832890192
-1.8922316848885594
-1.8883004366380050
-1.8718025034969195
-1.8677186666910739
-1.8633790147844884
-1.8571260927141691
-1.8597384473015985
-1.8500498178305069
-1.8400758565051998
-1.8325449440592045
-1.8176715480204790
-1.8169486351961563
-1.8014279019943462
-1.7876568602226102
-1.7777804834742661
-1.7532224398159595
-1.7375019372379197
-1.7168954940542835
-1.6473017634468654
-1.6142801817650596
-1.5920575204153027
-1.5197664195745431
-1.4165524102781815
-1.4172392639645142
-1.2620947815445245
-1.1948897143522430
-1.0740910714549470
-1.0392336382574519
-0.91857903811749719
-0.90869556309866584
-0.85050687010254555
-0.81298051033091878
-0.77011128814657714
-0.73251405880043419
-0.69749671104437483
-0.68509724437614350
-0.66266802776450562
-0.65385160699566813
-0.64187536863092109
-1.9127411669590586
-1.9094325334099391
-1.9069241042874474
-1.9036390981127891
-1.9011431067324889
-1.8967084888850969
-1.8938035453189463
-1.8912391557427906
-1.8877503151895614
-1.8837089462400463
-1.8792038103560942
-1.8751946250703959
-1.8699600225389574
-1.8659784876710934
-1.8615412948380754
-1.8566174415792989
-1.8519152263885275
-1.8440653597273495
-1.8357656873006380
-1.8374648410697101
-1.8240520622920893
-1.8087302147369180
-1.7991976645560381
-1.7857146326976163
-1.7707863086486142
-1.7460986302296384
-1.7357113639672339
-1.6999773094649939
-1.6851983395246966
-1.6534796425565617
-1.5548003910424497
-1.5031912220457855
-1.4487607139050211
-1.3388366333135626
-1.2880953650314775
-1.1695483387860275
-1.1079653304310579
-1.0358596920511003
-0.97008145101008958
-0.91999928013972432
-0.86408665492938042
-0.80554038532164629
-0.77024164630014436
-0.73414628800381154
-0.71624825585487084
-0.69520342647133770
-0.67542552041468651
-0.65643560015787350
-0.64921924173971679
-0.64188301376918278
-1.9073541537225687
-1.9047332948248972
-1.9014869521897999
-1.8988970702575798
-1.8953592528972742
-1.8923759402090490
-1.8877858929966902
-1.8853617217240042
-1.8801819371905473
-1.8766182264274651
-1.8731469453062985
-1.8667012609115363
-1.8630441656599210
-1.8578442060470119
-1.8549319049475959
-1.8480521872905555
-1.8406959375076659
-1.8337980453374569
-1.8259711159576468
-1.8113543039827396
-1.8073802617730954
-1.7950240072813162
-1.7954168196619265
-1.7673370895422267
-1.7458890063555785
-1.7219934535143673
-1.6864583173606031
-1.6590833573916879
-1.6145978910610637
-1.5752653260641698
-1.4839559128837523
-1.3977184627980090
-1.3251307572657138
-1.2924603257038307
-1.1878443912420911
-1.1345787378554402
-1.0355358441130424
-0.95326859074261816
-0.89069121005881779
-0.86474374785292574
-0.78882079716431019
-0.78012646222435977
-0.74532215193379370
-0.71424944883513175
-0.69352254395405466
-0.67752392827572050
-0.66415342780005782
-0.65460932161966534
-0.64912219434251273
-0.63784272163533184
-1.9022449047736996
-1.8991856952156692
-1.8971026090788328
-1.8927103211954233
-1.8905803419039966
-1.8872045436975746
-1.8834417866633424
-1.8783707197477344
-1.8741808457022784
-1.8688380398261741
-1.8649359766101541
-1.8597233544413911
-1.8538854809923140
-1.8587139889751960
-1.8584895236079415
-1.8347527871486071
-1.8287018786336531
-1.8232620301790259
-1.8219378564203730
-1.8028166472407730
-1.7938116735847391
-1.7857099351615227
-1.7560156163913820
-1.7410654973007886
-1.6998822831209366
-1.6791255470593343
-1.6465965463963048
-1.6006888323186064
-1.5210992612944894
-1.4695295567243039
-1.4197026744710524
-1.3695208616501218
-1.2497918580593095
-1.2225533335546612
-1.1049522332052131
-1.0453890708254785
-0.95883268900884711
-0.89514573087875371
-0.85661549079171806
-0.83174787919320825
-0.77720546842319960
-0.75429674695968374
-0.72468549709412877
-0.70360582916113246
-0.68596371722302907
-0.67474768356003600
-0.65879663505578701
-0.65078899051321981
-0.64517064416797665
-0.63517378506813260
-1.8969606414127920
-1.8942930117296615
-1.8888559045700011
-1.8864475628659823
-1.8829810736083701
-1.8796959359804024
-1.8744477691083485
-1.8708139264256953
-1.8651979488337198
-1.8615481284299880
-1.8568232117942229
-1.8515978274033309
-1.8465205994422831
-1.8393526222646404
-1.8318528107423979
-1.8194134002676687
-1.8158568738030958
-1.8005789022075753
-1.8010375209711302
-1.7942767448248058
-1.7792417232657152
-1.7584355623293864
-1.7273297088166888
-1.7040510098559445
-1.6628302604304253
-1.6611282625315245
-1.6168663765560349
-1.5292899271488631
-1.4719691916115343
-1.3820936341856120
-1.2962656204023055
-1.2887865045523854
-1.1566461141782465
-1.1166584837709088
-1.0332508328725731
-0.96846942245245615
-0.91509044725030297
-0.86714236538915712
-0.80555366110191517
-0.78854079237697294
-0.75521902912549321
-0.72785449845752193
-0.71389531195608869
-0.69398864525311244
-0.68711482783945277
-0.66939929850679858
-0.65900892685248957
-0.65001366187425780
-0.64472882883790494
-0.63889856740679762
-1.8904688601832624
-1.8863867242896024
-1.8833028590518168
-1.8795173428602099
-1.8753406393817051
-1.8707455711725269
-1.8660175777350827
-1.8606977410929537
-1.8591283973297252
-1.8516160587437753
-1.8473759880834664
-1.8411373511804510
-1.8339226184678155
-1.8275810578968410
-1.8328259448728450
-1.8117689838820035
-1.8056715614578187
-1.8027853727705228
-1.7808430695739634
-1.7710749466110607
-1.7491655274567752
-1.7233762598189564
-1.7057837612896509
-1.6683815636084369
-1.6433553265717127
-1.5751313598840468
-1.5167289119215295
-1.4609151374656137
-1.4027515179190524
-1.3107093382343309
-1.2555823356816684
-1.1564442155868133
-1.0813852683834313
-1.0151664617267970
-0.96439973415292057
-0.92333513790016075
-0.87864561207667591
-0.83116563949123745
-0.80285020090634285
-0.75698094109637515
-0.74773572625781826
-0.72828097140886849
-0.70758663177655923
-0.69500172083027978
-0.68324683819950105
-0.67193031103580858
-0.66286021522247729
-0.65219020546598672
-0.64957144890842311
-0.63955740021022711
-1.8826463402972073
-1.8790690283133700
-1.8758501845785200
-1.8713038451414890
-1.8666354749273175
-1.8614399219159190
-1.8629398877068852
-1.8517260833217144
-1.8465973690047579
-1.8519889041808912
-1.8361078014518959
-1.8302996532472378
-1.8445580284583567
-1.8174755905106064
-1.8048785583014535
-1.7888329841956643
-1.7896641550735173
-1.7742041575713667
-1.7557848903002746
-1.7427639027187425
-1.7140246848992287
-1.6870388039444311
-1.6561859713339466
-1.6352432047072889
-1.5734251041070426
-1.5239345716054264
-1.4819875653363712
-1.3930447585895225
-1.3326786086014129
-1.2558313475692260
-1.1705559585727765
-1.0905757255556927
-1.0449247019635892
-0.98580690292919881
-0.91875088595036125
-0.87552253510803424
-0.82352020450838803
-0.79725579235624999
-0.77737867966105056
-0.75755594131007964
-0.74275440005012006
-0.71875472949154073
-0.70709326165337205
-0.68993042794281290
-0.68056375921285195
-0.67085082003839358
-0.66370489940945609
-0.65759533609138687
-0.64883177020892768
-0.64416136182461481
-1.8736221683186760
-1.8692587205965339
-1.8661989496708209
-1.8613734738048553
-1.8889230679238516
-1.8564310601192822
-1.8466474727827145
-1.8390174926274518
-1.8339574500788653
-1.8250620614873672
-1.8205605446843731
-1.8107744464200710
-1.8045478296519062
-1.7940394893167231
-1.7861915996848079
-1.7712156444641711
-1.7651071212260476
-1.7339235713127135
-1.7295202653329838
-1.6999873021078529
-1.6796973026863824
-1.6314026142711213
-1.6027495572037658
-1.5544534623365598
-1.5051484086781191
-1.4314753963407134
-1.3772545477717828
-1.3187971066367306
-1.2302351176506725
-1.1689916748865303
-1.1158116952374622
-1.0663421106981292
-0.97083892256906457
-0.92190065841915114
-0.88625198615027045
-0.84050381411656316
-0.81300830797848123
-0.79621846772423432
-0.75982363174898282
-0.74204526789136815
-0.71908302686320824
-0.71406569018145527
-0.70535597400416294
-0.69107117190173828
-0.67915663675129267
-0.67336938648855560
-0.66629165961383052
-0.66198515856273477
-0.65644712594128074
-0.65206865372249934
-1.8633927554223955
-1.8594728462240071
-1.8536962008586702
-1.8488956869171549
-1.8443271756818553
-1.8376708626997522
-1.8377862053840648
-1.8245207129576599
-1.8172557873083128
-1.8132471683516829
-1.8049923418374501
-1.8020459694277826
-1.7895215308800245
-1.7786781395644398
-1.7602519249235304
-1.7495678933359826
-1.7380041405302145
-1.7253616145096384
-1.6844477274830538
-1.6577929262807101
-1.6153220212728538
-1.5924500863720530
-1.5511261333511093
-1.4701380934124295
-1.4116126490556051
-1.3616507109389950
-1.2862604533192803
-1.2355483515522998
-1.1681250026090313
-1.0893082014143611
-1.0478896557543762
-0.99475550951001890
-0.95354019818021885
-0.88482383799762943
-0.85277536032192491
-0.83665675318391242
-0.79691753090659889
-0.77706744901779856
-0.75921662263760337
-0.74146099157103140
-0.73504682528710963
-0.71596873063114552
-0.70370625416715771
-0.69782845859924469
-0.68825809672787530
-0.67922998952149150
-0.67430014118394710
-0.66692843529185142
-0.66169886647013321
-0.65668162554705389
-1.8510045672076316
-1.8451838596182188
-1.8384450969338109
-1.8335799042963135
-1.8394259978558711
-1.8459804771004111
-1.8141354685519910
-1.8151782387610294
-1.8006767654276143
-1.7965158287355933
-1.7837168180436684
-1.7735347260967569
-1.7611151132647986
-1.7489901871378808
-1.7365098665599294
-1.7157585738210641
-1.6938813182084160
-1.6765235699762040
-1.6440024889875069
-1.6020446132107780
-1.5891273223444888
-1.5055225908806107
-1.4804397153343072
-1.4128258837546752
-1.3596375492212944
-1.2981962395740301
-1.2285929450729192
-1.1805980982707314
-1.0995882026695372
-1.0801818460132711
-0.99072878035799605
-0.92761437346076347
-0.90521479548116857
-0.88137950847323288
-0.84056343371008002
-0.81305353609897624
-0.79384918517569092
-0.77127209092706628
-0.75763411725477736
-0.74064244606875085
-0.73044505289592410
-0.72016998746285910
-0.70943595469222231
-0.70240457369710929
-0.69281646246979445
-0.68588301475408919
-0.67797426880193512
-0.67083288151757525
-0.66787524468816017
-0.66167452488695966
-1.8364288806746056
-1.8353392218991094
-1.8239752957584490
-1.8227050029959937
-1.8116956532314017
-1.8100095033129324
-1.7994108385534360
-1.7881628717641980
-1.7829125975366218
-1.7736572351339805
-1.7625753138439151
-1.7467503090893932
-1.7291504853088919
-1.7149521791177986
-1.6985930385714583
-1.6826202253899278
-1.6567666131682528
-1.6267600997080875
-1.5845558312794363
-1.5545205378030371
-1.5076839016292423
-1.4620819610907188
-1.3843046245798869
-1.3523497096192618
-1.2742594353627525
-1.2352196659601216
-1.1677181458015613
-1.1174208475777858
-1.0482065151122828
-1.0086550153582099
-0.96095403455583350
-0.93093286906110073
-0.88451547895053861
-0.85486646350288598
-0.83255980465678014
-0.81254610382986114
-0.79447848299102108
-0.77126300300977080
-0.75629117306856986
-0.74301796652804852
-0.73919906010316949
-0.72612813791653319
-0.71963610208707807
-0.70604773065173942
-0.70099144528658675
-0.69386857686265935
-0.68835861756531869
-0.68015709025434845
-0.67568780918744387
-0.67290999070965218
-1.8173557099779196
-1.8149616038291836
-1.8073926830969615
-1.8058423401590225
-1.7899048817015732
-1.7843056749966955
-1.7833804605350576
-1.7740225014149158
-1.7559633241687169
-1.7452659301623605
-1.7387518387859497
-1.7228911485245770
-1.7034489266261654
-1.6734882404335323
-1.6587726075909448
-1.6408999081646769
-1.6093084212824897
-1.5648099199577250
-1.5148235464235209
-1.4951091223670527
-1.4437398163858193
-1.3989781707172502
-1.3440733487804759
-1.2915854980606105
-1.2350988923163018
-1.1782172061803582
-1.1272731609334630
-1.0764414163529807
-1.0305336911038983
-0.98701149548736977
-0.96249925409545400
-0.91352038333110142
-0.87480444243640476
-0.84994164649078885
-0.83161174558962758
-0.80960693357453406
-0.79329680990883200
-0.78248603295524355
-0.76723343257870835
-0.75456410543769925
-0.74221683233729641
-0.73575924818471383
-0.72553195605658782
-0.71709214691565260
-0.71129657691708670
-0.70428442483672327
-0.69679155240092672
-0.69115617952431285
-0.68421655208499876
-0.68149451332838173
-1.7992037537510295
-1.7941510961585947
-1.7844454151397187
-1.7759934063147358
-1.7671104082942370
-1.7591614387035732
-1.7558831071081553
-1.7397235292722910
-1.7309420813197878
-1.7045521849084260
-1.6955641063261477
-1.6786138558288062
-1.6626954739598070
-1.6382680558085307
-1.6281047689713990
-1.5876260023039495
-1.5439017391828724
-1.5174523926199486
-1.4814187557071041
-1.4276166068177354
-1.3818955518546141
-1.3573835780358459
-1.2882361260079487
-1.2460372924164456
-1.2026869333465764
-1.1589549662937986
-1.0833030284043148
-1.0389065482622857
-1.0181823650093782
-0.97607180409662642
-0.92597828621014600
-0.90532509159726282
-0.87488476254391612
-0.85572644211330540
-0.83692535864102524
-0.81420449071023415
-0.80171863245194197
-0.78811686240201528
-0.77550240095144396
-0.76255731878639077
-0.75488241728635130
-0.74211663327060917
-0.73760202070932368
-0.72787426444825287
-0.72149680901637292
-0.71394377646148843
-0.70500570744639279
-0.69937594010243787
-0.69609725868171179
-0.69035863586035295
-1.7817688686457156
-1.7671988639589782
-1.7603491467422905
-1.7494071161140876
-1.7420331743326625
-1.7238494225674637
-1.7157637256638778
-1.7044593562988724
-1.6905061098939971
-1.6739596156746124
-1.6642713157010156
-1.6412746050145046
-1.6136962606782579
-1.5987924339971336
-1.5599439715554957
-1.5228080760995883
-1.4969286182431019
-1.4691310934071236
-1.4128107242272652
-1.3771241933426863
-1.3457783866632396
-1.2812470593133718
-1.2471599918246841
-1.1986578780558244
-1.1514820988873178
-1.1151277081049884
-1.0703322339197299
-1.0313879045759846
-0.99250703380004501
-0.96034147709963591
-0.93447826084605112
-0.90456927342060622
-0.88640863038360107
-0.85743610657733527
-0.84561783269812740
-0.82308332355005065
-0.80925911313871546
-0.80000071517875759
-0.78953405511944164
-0.77807654155466099
-0.76879475527117314
-0.75649329849274738
-0.74878157022299507
-0.73960447596415135
-0.73284906747170919
-0.72562135591498655
-0.71875157069521634
-0.71149287961536534
-0.70863760028618894
-0.70174377321936865
-1.7506192744436710
-1.7430961093459996
-1.7319455629724694
-1.7219561282982518
-1.7136070328458513
-1.6944765661591159
-1.6869895082808894
-1.6718251189815649
-1.6462100050426762
-1.6297524553851719
-1.6175785380079002
-1.5969784929007749
-1.5720489624011307
-1.5458004700980204
-1.5217319783007761
-1.4877972042175545
-1.4516597134257545
-1.4183654159497663
-1.3868190694243527
-1.3515556245350926
-1.3042862887808631
-1.2727521921627925
-1.2262000036637539
-1.1733575091332911
-1.1401666074619725
-1.0971453312029109
-1.0523404271905625
-1.0249185675916999
-0.99468749992371475
-0.96299769868888807
-0.94585020632936678
-0.91737023653669481
-0.89782580256093014
-0.87338775884943121
-0.86316169309489899
-0.83716933781899461
-0.82800817982970121
-0.81252187995209479
-0.80310787619858426
-0.79219532762965739
-0.77867019350948541
-0.77397423340905436
-0.76338411979720611
-0.75645457231282109
-0.74750035741479903
-0.73988613491495603
-0.73499952677681335
-0.72611960883472593
-0.72088827214671813
-0.71517368292861261
-1.7190846304089966
-1.7100012876937523
-1.6986557254577721
-1.6877091599983978
-1.6735081968722365
-1.6641284290369900
-1.6425849069477334
-1.6341336387967058
-1.6202955282689984
-1.5974136622356534
-1.5759535758877932
-1.5549039070723771
-1.5326727671302725
-1.5130666070605892
-1.4823549764345001
-1.4520734914832460
-1.4126907166329241
-1.3851731199825581
-1.3613841300798775
-1.3140129627579735
-1.2758135583501897
-1.2234210179437581
-1.2071184806791537
-1.1730875576284516
-1.1376301877308457
-1.0905288312441987
-1.0665753277178975
-1.0326185595925288
-1.0044318153133081
-0.96996370428405232
-0.95158430522273874
-0.93503931707300347
-0.90770011905308690
-0.88699642388540512
-0.87424108467347117
-0.85903642045551654
-0.84282886648727062
-0.82853052481454736
-0.82176075825812001
-0.80904245198537572
-0.79823718643247910
-0.78751172862016605
-0.77767089771572107
-0.77087306697343549
-0.76189795578624842
-0.75569521312118670
-0.74749153693926629
-0.74215389303330570
-0.73524556041805467
-0.72961300149245134
-1.6883504740904833
-1.6793994902710376
-1.6639085646915444
-1.6529167778500053
-1.6427030656676973
-1.6260059403244553
-1.6124095055624004
-1.5961493429026494
-1.5758795709062667
-1.5589769065145176
-1.5411823908836413
-1.5242461036409012
-1.4955831990432227
-1.4737444013550109
-1.4490707376480791
-1.4209601874823099
-1.3877388507528214
-1.3659630927320157
-1.3248681127764625
-1.2934285470784328
-1.2707364496650944
-1.2267715363986551
-1.1914402019748818
-1.1654655950453212
-1.1289210582569427
-1.0976976346919260
-1.0796925865148903
-1.0485710034658005
-1.0277904244179357
-0.99631734906676106
-0.97743820068270426
-0.94891198416231570
-0.93066548893638557
-0.90842861617286774
-0.89432807812148774
-0.87791107766765197
-0.86339901675200870
-0.84903567361655718
-0.83417044513316052
-0.82343207501788118
-0.81784410233692317
-0.80664379705811040
-0.79811185761909231
-0.78929642533675193
-0.78132865729249090
-0.77141059523421107
-0.76805722122340836
-0.75848594670233782
-0.75351969124453722
-0.74671850712646559
-1.6520760066084068
-1.6421706303854129
-1.6334393860822367
-1.6171401558908378
-1.6058334579630071
-1.5942260907828891
-1.5863647870474433
-1.5630072522778156
-1.5534099271415593
-1.5304446122150406
-1.5079369566041438
-1.4909883212764228
-1.4644391247135515
-1.4574842795644958
-1.4179103021465669
-1.3931100077867939
-1.3865182553299187
-1.3543266247802170
-1.3168837486027032
-1.2930681125853454
-1.2659319251918189
-1.2266585175686218
-1.2008583812291922
-1.1753344087079418
-1.1410554563724533
-1.1324439295742326
-1.0869108991654091
-1.0714348364373731
-1.0373636177428340
-1.0185900758323108
-0.99367263072417755
-0.97643882802131221
-0.95439135033827127
-0.93589559931143085
-0.92137611024924071
-0.90111134420701278
-0.88823508130606732
-0.87444563231041650
-0.86003505778628031
-0.84901178683385636
-0.84023249201654182
-0.82452647226525078
-0.81650212514522680
-0.80908016770701041
-0.79887518531409663
-0.79368482642383753
-0.78386621257761346
-0.77643087344576223
-0.77050131350196138
-0.76511940444790938
-1.6224235951736066
-1.6152420878345961
-1.6060540666070344
-1.5931403555017658
-1.5802448581568611
-1.5684236155012017
-1.5498262567688930
-1.5371800639413336
-1.5251379217360934
-1.5077216422486672
-1.4866027012417771
-1.4709026332024124
-1.4553553736655693
-1.4311635076618834
-1.4120593019700494
-1.3899882101155756
-1.3723481493398497
-1.3484156860704504
-1.3231560438091647
-1.2910235295147015
-1.2704685708744559
-1.2463561489956889
-1.2176324823512741
-1.1833212125865469
-1.1633515639120304
-1.1409280350967657
-1.1141408205625631
-1.0907895117329915
-1.0687393325017760
-1.0386778171041975
-1.0219627880120226
-1.0027030924646010
-0.98933849923569883
-0.96188109514181619
-0.94229981783513905
-0.93067180304230279
-0.91476694856469931
-0.89940751433179444
-0.88770849435759369
-0.87619601701471217
-0.86282986627386404
-0.84927597689878931
-0.84109308282978801
-0.83224223213520132
-0.81863963982851540
-0.81554261058196142
-0.80672064501155272
-0.79926210542290943
-0.79130313008430742
-0.78381598715520850
-1.6024539179038957
-1.5921839754425260
-1.5784941174790945
-1.5691820745995566
-1.5575429037755917
-1.5454885912874230
-1.5362562718766959
-1.5208027612550257
-1.5080692065053383
-1.4917146733436211
-1.4752973880968177
-1.4590259509586603
-1.4433904080246889
-1.4272074864185060
-1.4094921692027822
-1.3857131754110079
-1.3696185637916687
-1.3525411249765737
-1.3315503949978382
-1.3023363626250792
-1.2875765518053794
-1.2598108040152156
-1.2416950396553696
-1.2090052844071455
-1.1964252849413854
-1.1656120988061738
-1.1376093378606755
-1.1186820425035626
-1.0965975335416487
-1.0755375819648272
-1.0547426099600172
-1.0297389752762940
-1.0122291701687809
-0.99288234396404906
-0.98360575565905572
-0.96127526277979969
-0.94858078005709401
-0.93091232570566829
-0.91399461246497249
-0.90430437679842657
-0.88953054315897240
-0.87828497068786293
-0.87003365075294581
-0.85795552830103450
-0.84756445470167918
-0.84105520459874616
-0.82630967811790956
-0.81998637720543832
-0.81588698130031467
-0.80739002558105111
-1.5824151637206398
-1.5725147443234930
-1.5630218586282663
-1.5531351742473440
-1.5409126359583396
-1.5288776275874449
-1.5147726298650077
-1.5082448701349009
-1.4951618015149442
-1.4855180019300440
-1.4684581765480422
-1.4532893623068639
-1.4403136644140979
-1.4214688501465735
-1.4082771359012944
-1.3919381958286932
-1.3739625549278505
-1.3584809526674286
-1.3384151646561677
-1.3176041428800300
-1.3003382424616967
-1.2845835821435985
-1.2624140584109194
-1.2363993884828424
-1.2148088745658230
-1.1927028685461438
-1.1712638737922332
-1.1508439293160477
-1.1327719183021059
-1.1084421926031958
-1.0885399595599428
-1.0739377690474095
-1.0509948420744544
-1.0283619384473226
-1.0125717082482515
-0.99823740359526203
-0.98075812981325439
-0.96218314402703409
-0.94845940684061925
-0.93640145226111182
-0.92183086004688553
-0.90816892118815340
-0.90119475202045718
-0.88868310135021333
-0.87837498768153144
-0.86657677037336478
-0.85948118632848514
-0.84778796391409605
-0.83933750703626520
-0.83179591102431982
-1.5689158677604560
-1.5608804499552640
-1.5513891485882703
-1.5416727367073579
-1.5326691625588833
-1.5255890412601780
-1.5121398066336602
-1.5012565761777348
-1.4875001216294612
-1.4804935611224856
-1.4713970533602680
-1.4562079646357191
-1.4396813914980695
-1.4267058127686167
-1.4130536258177901
-1.3994252348137253
-1.3852448775818476
-1.3703455046401567
-1.3552049390260121
-1.3311606967819205
-1.3132775380309012
-1.3016639956428677
-1.2842752926503678
-1.2646302929426825
-1.2398454647047084
-1.2256725454268160
-1.2074809976781633
-1.1824806443500580
-1.1660564844587726
-1.1428021267723301
-1.1269899859607335
-1.1049230025109156
-1.0868062067645676
-1.0693880839733005
-1.0496781735666256
-1.0365280905887837
-1.0183158819162172
-1.0016583396541907
-0.98444954045192135
-0.97568005754653520
-0.95837728610156669
-0.94200713279270309
-0.93184193683045979
-0.91828948223369034
-0.90810230983776830
-0.89778464071271402
-0.88786516197646148
-0.87632946949884194
-0.86723434391588194
-0.86055052351598671
-1.5606513509083948
-1.5552854951521560
-1.5445587429358159
-1.5377723439621607
-1.5288986210309459
-1.5171861633667727
-1.5140911683770506
-1.5014538021006680
-1.4901265316496901
-1.4865202281826999
-1.4706316788814795
-1.4616703846377226
-1.4509698763499577
-1.4384721379638830
-1.4252084139731427
-1.4130610828774097
-1.3993863216308777
-1.3856256153280424
-1.3704534505390786
-1.3567709696649246
-1.3432840840306219
-1.3259316019916412
-1.3108945223676123
-1.2887758767172273
-1.2734669081588783
-1.2581121558133357
-1.2402581022759853
-1.2263396402412909
-1.2020206817611991
-1.1861883286939132
-1.1574999442005094
-1.1444046373206320
-1.1263179365048013
-1.1102123831472519
-1.0963453730679602
-1.0751018738056421
-1.0596174145951791
-1.0431909517724232
-1.0260770470477745
-1.0146592428854708
-0.99705729487870243
-0.98521044042301775
-0.97118734617098368
-0.95409193808573778
-0.94351630731929603
-0.93213006420928846
-0.92192667691457475
-0.90929671874312512
-0.90076997487188015
-0.89189174919011838
-1.5611878291296333
-1.5518054124535416
-1.5448605383625442
-1.5380408562543804
-1.5288778580848188
-1.5232682862542575
-1.5142308777010125
-1.5063373456173286
-1.4982176120485424
-1.4876355294916697
-1.4804442737895971
-1.4690381718256509
-1.4578470507659735
-1.4495773566169126
-1.4395152680204852
-1.4282858227099133
-1.4147118589517835
-1.4025199448344541
-1.3906914536455275
-1.3757336937783466
-1.3640278494730653
-1.3472402976623779
-1.3381744658382368
-1.3196247697816523
-1.3050999822890663
-1.2914355407662699
-1.2690427741149191
-1.2580909684688950
-1.2402048599089182
-1.2198835983049443
-1.2058568962450031
-1.1898549822617452
-1.1679815595800316
-1.1584354240876791
-1.1398432616823608
-1.1188119926488322
-1.1048957434110622
-1.0846398165680553
-1.0732785342596216
-1.0565209337573367
-1.0386820074913765
-1.0233310668508371
-1.0093770679361518
-0.99746409938964731
-0.98540729194364984
-0.97154123875610776
-0.95753237566702243
-0.94524971056321072
-0.93633295214435841
-0.92591585525083864
-1.5625624770951461
-1.5540824370776738
-1.5491721142269603
-1.5413137724689616
-1.5344289696352469
-1.5275312370448799
-1.5197400668373338
-1.5124769493369370
-1.5066409469060635
-1.5002013826153489
-1.4882205456263011
-1.4807801965676859
-1.4711396367522955
-1.4617498703715612
-1.4528247771728808
-1.4412927092336534
-1.4299572354536250
-1.4211448399485815
-1.4103565306631092
-1.4001645693836484
-1.3886872968852826
-1.3758919142511998
-1.3601946547516712
-1.3462481248582163
-1.3332653353661272
-1.3203956389933864
-1.3029316709866774
-1.2864637958301945
-1.2764674204587207
-1.2627134771354753
-1.2457526164959600
-1.2288386392251791
-1.2136878333634646
-1.1948218709528546
-1.1795636897624475
-1.1624357960437137
-1.1471763562645254
-1.1310427160944641
-1.1145510787233861
-1.0985320618594481
-1.0845217261818931
-1.0672746765169423
-1.0523468419764317
-1.0411373694469996
-1.0275265199543624
-1.0144071711471421
-1.0014651399822303
-0.98732612380232010
-0.97689152325555817
-0.96614741501878820
-1.5648170711254983
-1.5600883660868416
-1.5537942843645711
-1.5492307046082252
-1.5424456342785380
-1.5365565104497034
-1.5292943814328055
-1.5232310569871086
-1.5150311591418031
-1.5077147151530639
-1.5002148393315970
-1.4923667729098937
-1.4867688915742900
-1.4776252975208874
-1.4684639921209701
-1.4611203409131104
-1.4524830704727789
-1.4424139529959148
-1.4317804997121408
-1.4192048518625713
-1.4095060848635077
-1.4009615349992741
-1.3888028056648167
-1.3787040801318455
-1.3612869886543530
-1.3526629800800556
-1.3401888541329947
-1.3213184438115815
-1.3121984234598099
-1.2956243569507955
-1.2844540756461058
-1.2690777574939178
-1.2543853997665453
-1.2370525720846175
-1.2225645126395501
-1.2078260583367808
-1.1911442955257421
-1.1757393324185024
-1.1599502051551625
-1.1457429830630297
-1.1339277615845225
-1.1183062530478862
-1.1009270095934620
-1.0853402440655755
-1.0731530123857038
-1.0576577405430920
-1.0466795881469166
-1.0324271318701770
-1.0192503133671258
-1.0064340364440612
-1.5746245488018811
-1.5682131000619646
-1.5642096754332295
-1.5574317775815458
-1.5506620624420784
-1.5455017710421697
-1.5408265620268602
-1.5353352521917278
-1.5283872427653569
-1.5197068666565261
-1.5140428178799596
-1.5104841133684721
-1.4992123934304462
-1.4938888672096040
-1.4869125785347268
-1.4759261580283571
-1.4700025511144035
-1.4614215864659146
-1.4519067838882114
-1.4441819703299679
-1.4331058809765227
-1.4260737076447454
-1.4139585465861122
-1.4053249102214163
-1.3943187856066499
-1.3837830111905220
-1.3721040794532735
-1.3583865751421533
-1.3484027360494815
-1.3330592427506522
-1.3190330942029171
-1.3073566569457227
-1.2967931350277337
-1.2806972890224970
-1.2700644534654812
-1.2507693537239963
-1.2372500517632326
-1.2245618968649827
-1.2028712465591389
-1.1952633749999948
-1.1803967930807431
-1.1665914470252003
-1.1502302433454634
-1.1363992144925783
-1.1199319249082784
-1.1062231759335233
-1.0925782045527344
-1.0835778279382522
-1.0674354730406130
-1.0517851783920915
-1.5828375615595833
-1.5777842428680953
-1.5726711653871344
-1.5678559274877120
-1.5636769967232169
-1.5581239731578149
-1.5519074188206086
-1.5467148254673828
-1.5413039858756878
-1.5345771420668364
-1.5292245890302278
-1.5234428863547635
-1.5158528475292916
-1.5101625639883864
-1.5031015155450420
-1.4977286989256202
-1.4899199838561770
-1.4810421327107126
-1.4737781247197077
-1.4666084492181517
-1.4585580260914039
-1.4495847447480330
-1.4407410350932577
-1.4308896256312855
-1.4220696093720357
-1.4101898946479197
-1.4007377835494847
-1.3900461759404865
-1.3779249574753911
-1.3718847570669934
-1.3587315046284685
-1.3442684108991974
-1.3305638188850346
-1.3234752436260444
-1.3093884377364273
-1.2954306610544699
-1.2810560383938849
-1.2690236536180788
-1.2516445995414278
-1.2386225981667565
-1.2256652865106465
-1.2102230551802879
-1.1992408186385286
-1.1846359603511449
-1.1744574377138650
-1.1541289242679675
-1.1393958576513517
-1.1316328684398866
-1.1162109484755260
-1.1053098607042691
-1.5938090191105940
-1.5906529479026443
-1.5842014865822969
-1.5803334052663072
-1.5746273895303815
-1.5695908885693668
-1.5669152213021058
-1.5617206272433772
-1.5550368281331266
-1.5508090551940348
-1.5453529428478507
-1.5388527897035664
-1.5312745399831640
-1.5267002226816515
-1.5221317684482030
-1.5161194787893364
-1.5084219608872218
-1.5013514686758074
-1.4959699515118285
-1.4890516324026439
-1.4806794642986350
-1.4750185906646569
-1.4665893016409586
-1.4578133946028058
-1.4479406211989911
-1.4395683753441164
-1.4323011431266655
-1.4192701829890035
-1.4112707131002917
-1.4043780399392480
-1.3938750716149004
-1.3794718395754129
-1.3702068447289697
-1.3583113825206476
-1.3490688093196479
-1.3373407360771767
-1.3276030877279661
-1.3116093358017644
-1.2985356998671911
-1.2867680073088077
-1.2739634857762427
-1.2617105048925208
-1.2438164237339469
-1.2319624018249626
-1.2220590034237964
-1.2026064710218709
-1.1939506523237404
-1.1816077591403422
-1.1657314923954840
-1.1534165568595558
-1.6061523808004963
-1.6021744364749293
-1.5984409303202176
-1.5946942706892064
-1.5898626127124311
-1.5849626188292103
-1.5806664853387125
-1.5775540613683523
-1.5715973783427406
-1.5674423855624804
-1.5607502076712019
-1.5571373757039570
-1.5520071416822545
-1.5459191175933786
-1.5401758222728763
-1.5347995653042272
-1.5297513231406339
-1.5226754541392915
-1.5161718759732206
-1.5116570056021774
-1.5039446262581941
-1.4971249078071220
-1.4902713529158802
-1.4825783455463530
-1.4770224379791446
-1.4684215183675462
-1.4609063602441590
-1.4528423781824304
-1.4425995100637261
-1.4337103142966638
-1.4247348804887641
-1.4167114807093193
-1.4066002972954794
-1.3988123788516362
-1.3877517439452935
-1.3770801296332151
-1.3644058812968756
-1.3557964401387650
-1.3421251839744035
-1.3312178667962289
-1.3203076599575168
-1.3094662488354083
-1.2921187781789363
-1.2825437050132904
-1.2707317428071871
-1.2596572491897093
-1.2421421407125894
-1.2296208020568316
-1.2186218636570967
-1.2058679657340758
-1.6211085943953889
-1.6181648942811051
-1.6134864284177985
-1.6093366754220042
-1.6043660111647107
-1.6030076870589010
-1.5966853894664159
-1.5929686120458555
-1.5882134683137088
-1.5841134072051495
-1.5797206237627219
-1.5754721434688308
-1.5698949233267094
-1.5656239188959353
-1.5600694814515650
-1.5556548254976519
-1.5494483549615834
-1.5445520274742743
-1.5388392095759351
-1.5342022112276719
-1.5288040033207158
-1.5218305511279626
-1.5151203222918430
-1.5100136276487288
-1.5027861727813216
-1.4946295884980776
-1.4866231924356783
-1.4804601093490959
-1.4725655321555935
-1.4653293528099198
-1.4560782320135073
-1.4497203409975490
-1.4385013067007759
-1.4316420158789152
-1.4207819415065979
-1.4116086953310156
-1.4024255066759872
-1.3906873289431450
-1.3829911490094910
-1.3760438935192685
-1.3637500734169283
-1.3525613532052831
-1.3430822999403629
-1.3315790338971165
-1.3160468922284076
-1.3074032015509853
-1.2974771009251040
-1.2802805132235355
-1.2697961090207417
-1.2540767180471664
-1.6358952793090331
-1.6334890678876222
-1.6293757677874710
-1.6258313097824106
-1.6211321738497244
-1.6198664241857301
-1.6138846948172745
-1.6104984356877012
-1.6046936994970433
-1.6033978114953673
-1.5990487879816622
-1.5940647501196328
-1.5899191953415905
-1.5853743229551795
-1.5809047174442439
-1.5767358870610368
-1.5710903645791672
-1.5659171596727450
-1.5598901782259615
-1.5569586927333829
-1.5509726591395612
-1.5461421760550684
-1.5398391510251968
-1.5326033089417561
-1.5266606237765290
-1.5208187230227384
-1.5166453701325522
-1.5076266648731997
-1.5032143975316317
-1.4954042397328824
-1.4875994486992694
-1.4790874521209167
-1.4738722695096826
-1.4640725534935093
-1.4571702193111449
-1.4497311597918601
-1.4416690238028844
-1.4312845580575730
-1.4246727592602222
-1.4132022971678642
-1.4023287690998558
-1.3955445290507626
-1.3855231818729163
-1.3771680758099911
-1.3643095242151451
-1.3534450777885820
-1.3411275431551271
-1.3307626121870730
-1.3176081040720811
-1.3070262748217405
-1.6534544552927930
-1.6493991341554981
-1.6456484884620006
-1.6425504724676387
-1.6395508993576180
-1.6357698296595493
-1.6319613342389494
-1.6284173900682941
-1.6239863536665147
-1.6215317997038774
-1.6179254276070083
-1.6136003631855060
-1.6099536858974364
-1.6053668610917757
-1.6024185276815963
-1.5965537701920465
-1.5923480297207528
-1.5879757005345168
-1.5835946146298758
-1.5785749647046101
-1.5739945546043654
-1.5687484092125827
-1.5636098321229468
-1.5591619507390393
-1.5530302738261690
-1.5480399487796996
-1.5414764709628819
-1.5337333840533351
-1.5301965110810358
-1.5238194646105929
-1.5166393774951910
-1.5129843489266446
-1.5047750006996901
-1.4979624042932977
-1.4899198678379282
-1.4821712909868245
-1.4753937031446012
-1.4686676609937157
-1.4603244853226667
-1.4523487225631702
-1.4434201291566104
-1.4341908544395809
-1.4245125221583290
-1.4136275625717183
-1.4073773898351640
-1.3943033666160891
-1.3863451159104323
-1.3788097846649170
-1.3666951703944492
-1.3565171069420177
-1.6690882854593940
-1.6665380673615195
-1.6642291607545843
-1.6604507659604455
-1.6578463292272176
-1.6536641905146343
-1.6499726212675097
-1.6471215351454909
-1.6437842813653543
-1.6410225831173739
-1.6366227091882437
-1.6334552245143947
-1.6297034192615094
-1.6257358640043751
-1.6226798458055416
-1.6180243465373514
-1.6150970261467883
-1.6105286625585369
-1.6057766423400506
-1.6008754732481965
-1.5961978599079858
-1.5914665002639119
-1.5869218537266281
-1.5834396079457260
-1.5779941294040580
-1.5732411689198202
-1.5693667566086247
-1.5625260935075720
-1.5585780760690142
-1.5523407782422771
-1.5445411783268479
-1.5407762780694623
-1.5358739353491502
-1.5267598302692909
-1.5224325160873531
-1.5160466601189673
-1.5102155609163763
-1.5024227084062638
-1.4928836073111371
-1.4881863805763493
-1.4792881558544138
-1.4715158671766519
-1.4637790155204873
-1.4536985702471976
-1.4494915966129907
-1.4382273426383196
-1.4285842780632112
-1.4213777922707980
-1.4132089672418098
-1.3999428056901464
-1.6879089207651159
-1.6851185186044464
-1.6823554987365532
-1.6795068243549287
-1.6769235773618725
-1.6721661176106140
-1.6711479639195197
-1.6675110582081292
-1.6643535701210215
-1.6598061001008291
-1.6570235069041064
-1.6544578134087526
-1.6505257906114053
-1.6470167302474472
-1.6433520651810809
-1.6396455997011266
-1.6370844799474935
-1.6333852622507947
-1.6290487057980640
-1.6242969726536640
-1.6217678775582030
-1.6170859767254047
-1.6113465268223177
-1.6073567043982937
-1.6034649620870638
-1.5994930827558169
-1.5936863715692016
-1.5901562754679222
-1.5845676882686892
-1.5790785715051121
-1.5750711064124707
-1.5686868061934367
-1.5630566252534868
-1.5584420645206984
-1.5530543917076041
-1.5467935576981875
-1.5420663350017270
-1.5350040546365771
-1.5275569153581381
-1.5239601869493922
-1.5148230738327988
-1.5071189018217004
-1.5015783752438869
-1.4934453928113220
-1.4865326508950947
-1.4784180002014664
-1.4719909407939866
-1.4615539071789176
-1.4533477147559455
-1.4459559525501695
-1.7065953168616186
-1.7041570941523367
-1.7012139819087462
-1.6982074987956068
-1.6959457037425314
-1.6927198465145317
-1.6898883257930120
-1.6873110692460702
-1.6846065300698743
-1.6814029105543291
-1.6785912386794350
-1.6751297754563352
-1.6722607280675483
-1.6693258387145895
-1.6659029360317459
-1.6618450473849500
-1.6592480703546726
-1.6558109550112508
-1.6524278311190650
-1.6477071959109331
-1.6451446384020159
-1.6403856076569379
-1.6369637473056702
-1.6320989822597665
-1.6295682061269328
-1.6254008783575551
-1.6205681013275210
-1.6151249766785185
-1.6105124099041912
-1.6074588801973000
-1.6011038213339681
-1.5981551420357232
-1.5919826553681600
-1.5883092983946170
-1.5823249278282234
-1.5780979819162888
-1.5720358094173608
-1.5668135072260658
-1.5596436026441147
-1.5546004608176738
-1.5488901306600646
-1.5422050550867148
-1.5367932203256893
-1.5298722021838469
-1.5250630254891675
-1.5170498018221699
-1.5079387715198820
-1.5022439105709695
-1.4928348515784087
-1.4855627217957066
-1.7260573475938952
-1.7241737607094436
-1.7216316921033226
-1.7198612997567058
-1.7168750315581658
-1.7147159001379286
-1.7120536406982680
-1.7084012802843649
-1.7061281507684403
-1.7032322197511931
-1.7005114711004570
-1.6974736232271586
-1.6939755451215572
-1.6916338439800647
-1.6887236779544850
-1.6842727252539340
-1.6816522809598713
-1.6803592766384683
-1.6756548807070684
-1.6733042933087223
-1.6686101796613471
-1.6650381760903437
-1.6616274864568132
-1.6575470875223441
-1.6539254915642796
-1.6510182645771052
-1.6459465222415770
-1.6422207381018641
-1.6379013516985079
-1.6335580592004764
-1.6302410943380572
-1.6258907321536722
-1.6204672726090135
-1.6159668159443477
-1.6118456805603423
-1.6071910468301980
-1.6021208653081236
-1.5965775214209130
-1.5916246882175862
-1.5868148026546467
-1.5822557748749579
-1.5750871055450684
-1.5712557370570612
-1.5642115795223135
-1.5583571188715779
-1.5509949425505376
-1.5466199847150353
-1.5391681958167853
-1.5330746174200782
-1.5257694268571567
-1.7472638119610289
-1.7449693654221730
-1.7423574235994406
-1.7398082114720403
-1.7376556606733331
-1.7356546094903442
-1.7327520008854838
-1.7304241293160376
-1.7275669793764266
-1.7248368750101630
-1.7229276134504889
-1.7195752713716257
-1.7156131025684371
-1.7147968506998741
-1.7123913073013983
-1.7091907232761048
-1.7058348852361522
-1.7024153961786090
-1.6994885659533345
-1.6956805179179884
-1.6926679213220424
-1.6902042861536863
-1.6870961459335043
-1.6833989808184484
-1.6806813768778237
-1.6770755935630952
-1.6725411096157010
-1.6700221762355518
-1.6657139867590942
-1.6605399508497183
-1.6578545318287596
-1.6545218906636439
-1.6497550252181212
-1.6461987980283843
-1.6412742656513466
-1.6370440808679185
-1.6325224399143941
-1.6273834306601085
-1.6243430560469279
-1.6180197548570086
-1.6139514337851648
-1.6081639782004724
-1.6031393164003798
-1.5991515690775111
-1.5935427807587661
-1.5863812656467200
-1.5813119928421271
-1.5754359979668866
-1.5716052900439135
-1.5620442840492039
-1.7687656249232124
-1.7664869035668136
-1.7641068730663818
-1.7618449649145063
-1.7600882161135458
-1.7564133300111433
-1.7550370110336595
-1.7531125469224649
-1.7506470877485909
-1.7481346199972023
-1.7459336063805355
-1.7431423004425994
-1.7402167869432190
-1.7379710890087501
-1.7359783722594102
-1.7329867250456712
-1.7301940167741230
-1.7275015025801668
-1.7249122830056347
-1.7211424329540921
-1.7185048017723812
-1.7148505797115547
-1.7124846905856503
-1.7089913637379275
-1.7057464289346462
-1.7028377579057636
-1.6999019809825733
-1.6959270375857294
-1.6920921823771138
-1.6894385835575405
-1.6858964605340332
-1.6817423895601009
-1.6777361861104694
-1.6735376583532482
-1.6720090856946634
-1.6652324684131916
-1.6623542833899692
-1.6582673727061095
-1.6524923709161559
-1.6484628856997496
-1.6448164919769792
-1.6408025908211576
-1.6350582245785774
-1.6306935966776486
-1.6272776068932076
-1.6194783327468283
-1.6164775834348191
-1.6098297603134426
-1.6062986273157676
-1.5990711506107038
-1.7904267900023805
-1.7884192471792004
-1.7868755040857889
-1.7847643474464665
-1.7826044345317769
-1.7808695684550528
-1.7781058256507134
-1.7756738021438134
-1.7734116100295534
-1.7718990057466377
-1.7695385793520089
-1.7672199645130355
-1.7646327049619828
-1.7625464585827200
-1.7593080276637720
-1.7577566429327582
-1.7542459090735210
-1.7527029251132245
-1.7487883595193938
-1.7467547775240841
-1.7434599680620457
-1.7409405628485082
-1.7372178549739510
-1.7350098478772094
-1.7329743498834755
-1.7288501400326459
-1.7260985984073902
-1.7230817807664554
-1.7184491223961711
-1.7164868530788531
-1.7126434601351785
-1.7100218262798343
-1.7067106385096931
-1.7034911669202910
-1.6991898311836593
-1.6949246522667878
-1.6918767631728719
-1.6872333061123457
-1.6833037370385491
-1.6803148541766628
-1.6767559723111773
-1.6719236967077133
-1.6676720531755198
-1.6624469511155222
-1.6587703456214684
-1.6547976933208730
-1.6485083856152964
-1.6450185700504658
-1.6401918290415325
-1.6355857991548093
-1.8135151579379492
-1.8120106496228927
-1.8100751985006578
-1.8079742457766652
-1.8062316445463940
-1.8035056367758451
-1.8016916597089492
-1.7996766663499795
-1.7981930202996488
-1.7956861792759078
-1.7930777686744439
-1.7914411776466377
-1.7888774909054568
-1.7864892824011325
-1.7842250244760351
-1.7818573285515260
-1.7795468200757132
-1.7775793620128546
-1.7747015665571877
-1.7720206025407255
-1.7691910237512325
-1.7659802164366396
-1.7638610846057385
-1.7618190072788884
-1.7588763502222193
-1.7563105152715419
-1.7530316261107841
-1.7499145453926626
-1.7475535977128804
-1.7447676973260424
-1.7403357785544469
-1.7387221324322060
-1.7344519627172101
-1.7309711243839039
-1.7282157894236185
-1.7250920991945571
-1.7220138595054955
-1.7184047890397320
-1.7138284753244435
-1.7108926709355632
-1.7071328643756740
-1.7033637757527125
-1.6988452871821031
-1.6953183790033262
-1.6910767805588764
-1.6862530850401967
-1.6824059366447988
-1.6772753396999964
-1.6730796437505180
-1.6692161116209892
-1.8373472157260557
-1.8357418714249398
-1.8345478322751585
-1.8320677076194163
-1.8304877954837397
-1.8281522046867700
-1.8259069792558908
-1.8243897345669517
-1.8228593724553743
-1.8202893285861639
-1.8186619211647610
-1.8163909030489038
-1.8142170593226474
-1.8116896464534473
-1.8097626842167986
-1.8079273901352846
-1.8050451172143824
-1.8029252969833582
-1.8008083555274734
-1.7977373099542067
-1.7955008008275288
-1.7936082332860082
-1.7910679726619148
-1.7879397224542306
-1.7860143252241951
-1.7830310373751712
-1.7799400846485702
-1.7776724173219791
-1.7748546134777534
-1.7727624511238897
-1.7687372274392703
-1.7663990367124704
-1.7640506053111547
-1.7602367718798089
-1.7572508548281391
-1.7545600213196693
-1.7515158793858550
-1.7474000741415689
-1.7439747136339054
-1.7410060923605073
-1.7375516932616311
-1.7333561200621213
-1.7309199210600414
-1.7273602817355773
-1.7234332162515003
-1.7188867512784842
-1.7152089415113552
-1.7110683271451510
-1.7071602528660823
-1.7026353389621030
-1.8616302709412687
-1.8603541067104143
-1.8586167251093078
-1.8572505957685543
-1.8551567344785542
-1.8533549375525893
-1.8513807206439510
-1.8498919300656307
-1.8483128352490952
-1.8462583583288439
-1.8444163532565401
-1.8418806147613824
-1.8397366989296877
-1.8384124486391475
-1.8361374653272464
-1.8338251260383651
-1.8316351107923183
-1.8295073276597673
-1.8270459560443215
-1.8253139652303645
-1.8232683638904035
-1.8210215754645076
-1.8179947623513306
-1.8168469314439217
-1.8136271867254883
-1.8107315069173981
-1.8084657051490960
-1.8052218001260989
-1.8035451156407158
-1.8003747104461305
-1.7976961140948433
-1.7951494438349553
-1.7920167674862566
-1.7900587977715907
-1.7859417098317856
-1.7833128141707864
-1.7806757825694750
-1.7782581405906535
-1.7752517801548406
-1.7714495598710420
-1.7678875557826998
-1.7654513572104673
-1.7613204323403462
-1.7583397851619895
-1.7550284976490069
-1.7506366259092196
-1.7477966675889924
-1.7451302465423015
-1.7404215971771584
-1.7376039695692658
