0.66575138401875233
0.66570619500753514
0.66567360428860445
0.66561095929585301
0.66554799640731910
0.66549668615949065
0.66544493688400497
0.66538328064888730
0.66535874086245772
0.66525268823217498
0.66520597270250570
0.66513401204405398
0.66504493311365875
0.66499960627202004
0.66482982701027105
0.66475474925272648
0.66468944984924194
0.66443704445467833
0.66437366837416079
0.66417692843824860
0.66402584222885230
0.66371626381655857
0.66345215403877678
0.66306223650533413
0.66314121354362821
0.66252102636750188
0.66166254638344002
0.66083437394460542
0.65926161526303639
0.65992893023424570
0.65653360359088087
0.65449780881659203
0.65362497675255027
0.65065785874618154
0.64198126447709225
0.63104742281726289
0.62326312198275058
0.60861669222569614
0.59871380602615254
0.55585907121225064
0.53865758895876681
0.50243921952547166
0.47272524664221816
0.42211214857614310
0.35065200258985529
0.24654186838568304
0.20356660661593473
6.1876088196154644E-002
-6.8514560429704385E-003
-7.5051870276800825E-002
0.66574147250308702
0.66569982588702548
0.66563088552292604
0.66562297697364725
0.66555815326117718
0.66548904221496552
0.66544782504303779
0.66536548910081406
0.66530426301141365
0.66521285060344826
0.66511498048630935
0.66508282358020876
0.66502841021306391
0.66487218179999341
0.66481807282637684
0.66451713131300061
0.66443397906714718
0.66445704115321713
0.66435027718510531
0.66391104840696813
0.66386590688132108
0.66365706474347008
0.66337371079098251
0.66281804892909812
0.66278772015353171
0.66092034751008466
0.66079632274210853
0.66138159234448812
0.65890012072506254
0.65598941855474080
0.65226570478653523
0.65370518855849036
0.64946355112510701
0.64424288774696858
0.63457224355562403
0.62591073636014971
0.61311391413111882
0.59778715408005723
0.57206231717132550
0.54864244651418004
0.50273565045215463
0.46757728019780442
0.41235317822967565
0.34139330332593854
0.21740412607644710
0.15876166851048157
8.7347538570215710E-002
4.4458177456176973E-003
-0.10579215070760384
-0.18275521087698254
0.66573810804866285
0.66566965080125784
0.66561743384764538
0.66559536640213390
0.66550745811964429
0.66545098426636617
0.66541183908286472
0.66534314627554392
0.66527954493024322
0.66519332572659862
0.66512905900474761
0.66509654797298068
0.66490639662952344
0.66486929751670087
0.66475733336559695
0.66467996326783430
0.66437330761754032
0.66439400001851268
0.66408116918355964
0.66418796012334580
0.66395219089973789
0.66318995407441272
0.66310071835556861
0.66255040536205823
0.66094301225955099
0.66104336231793204
0.65931497554727947
0.65928106846677359
0.65855127980549000
0.65571489497431812
0.64932256999947002
0.64720393920514685
0.63990764543324397
0.63232029301217074
0.62215530182344170
0.62172108036859508
0.59629450280460095
0.58679698645151834
0.56832361202962700
0.50278538157073327
0.47197807684223803
0.39402312746270662
0.34550648120859861
0.27431219680102181
0.15054002008443945
3.1603876011553789E-002
-5.7143083677102524E-004
-8.1919178323561992E-002
-0.13671593352942790
-0.21605215307484538
0.66569496821418750
0.66563376891606230
0.66560719033373861
0.66554114985917634
0.66549185388018461
0.66542835249843435
0.66533969211025124
0.66529658858395613
0.66518947169921461
0.66514345871352720
0.66507979166541087
0.66496771533490384
0.66490912914926559
0.66479477175299984
0.66469504954906888
0.66451291180985217
0.66440641243870724
0.66428542236880417
0.66407094044270698
0.66375930628724800
0.66346943076532228
0.66327581274770964
0.66241842159441289
0.66223540724336738
0.66200740918975820
0.66145171612215292
0.65957935516387400
0.65870951457080573
0.65508593115367530
0.65131382283855954
0.65084976939564776
0.64352077218368708
0.63768340523229750
0.63174384818065055
0.61499624961871746
0.60201430841735259
0.58275607230723714
0.54697589026215576
0.51489894800851521
0.48379773931088499
0.41126017175036100
0.36389442336484401
0.31338625678389687
0.18652657396944639
8.6395248628369892E-002
6.9195580445035043E-003
-6.6948745980990765E-002
-0.13276758323969085
-0.19593066019009098
-0.21153546118256439
0.66570101402688253
0.66559970194431850
0.66558213560232082
0.66552312336583053
0.66548047558609236
0.66539419729758154
0.66533374583250171
0.66528125944607019
0.66522464966878836
0.66512215381107875
0.66505451525787773
0.66484854291665307
0.66484229671041228
0.66471835251294642
0.66450317917520507
0.66442063585687672
0.66407348672292621
0.66411557097623919
0.66364781825683694
0.66379284983229381
0.66338643783713125
0.66288197736115007
0.66166046314693217
0.66103689423711787
0.66116798685833200
0.65957763796866420
0.65774850470903101
0.65566180250513240
0.65134489587185607
0.64956019124348174
0.64178662648522411
0.63359460717450067
0.62584782716771392
0.61721793762333566
0.59767222515974305
0.58874482597919786
0.55631377715233898
0.52646585216861963
0.47543872636615936
0.40015378513236777
0.33647539453046416
0.30281203383013988
0.18397588694912548
0.12996218287146155
5.4492590604101387E-002
-2.3257448775342304E-002
-0.10210033383503370
-0.16258730358054363
-0.19497652965553525
-0.18510650815059093
0.66565960804401225
0.66559073366243382
0.66553938618896891
0.66550688678188263
0.66544892110802989
0.66536858353941364
0.66533235257186674
0.66524405348920523
0.66517289664216228
0.66512150769333056
0.66497759521560640
0.66475526024929044
0.66465626058721927
0.66461891952513141
0.66430339877751465
0.66428337911082247
0.66418337300675612
0.66369569657809779
0.66344070541480837
0.66352664702576192
0.66308221813643375
0.66291863096074910
0.66175738008334983
0.65954855455296202
0.66007027530319107
0.65748969038251082
0.65684936139869676
0.65163841920867127
0.65025801995537180
0.64470852548340762
0.64210123043239042
0.63195768787835027
0.62081957338996652
0.60202476709457842
0.59700645156353338
0.55465032360119282
0.52118641552536393
0.47879248277704978
0.43259761219974435
0.36399193191928914
0.28631427909415519
0.22553612501613041
0.14961747781684087
4.8603353273375394E-002
-5.0106386751072485E-002
-8.4455292784259228E-002
-0.13824738716650575
-0.15267882421806012
-0.18497423829664150
-0.16921526793120001
0.66562132751372505
0.66557634861359949
0.66553280520192981
0.66545882124586853
0.66540502228196141
0.66538682106684677
0.66525498479775891
0.66518625214109184
0.66503156617120263
0.66500490873459128
0.66477694176318303
0.66461374394890482
0.66468619913886517
0.66433754829408742
0.66435004745342285
0.66406814835685912
0.66402187793543299
0.66340540949269022
0.66328814038387285
0.66280284301050907
0.66191825173191243
0.66107355834961301
0.65949033616471864
0.66038728322727813
0.65785781630680207
0.65462671477663703
0.65243295869947215
0.64849430869978208
0.64568695114969499
0.64046816498034120
0.63351220537112707
0.61730370607162643
0.60031501476963101
0.57848897360271490
0.55975563315717580
0.52441726211947071
0.47668126865577942
0.40544619115689584
0.36293911414096647
0.30776727069040000
0.18819983281875630
0.14375016806842211
6.3491959622259730E-002
4.8865644514916040E-003
-3.3321855742912465E-002
-0.11759935032443547
-0.14530861829876263
-0.16076243585547845
-0.11350136944043654
-9.2187507930073798E-002
0.66561007161307417
0.66553930447524712
0.66547120697506579
0.66541001494031515
0.66538591881156550
0.66526444572802146
0.66515320974368586
0.66513544194483032
0.66499077073187762
0.66493457039065162
0.66480692521407492
0.66484480219915132
0.66471965019372070
0.66432354077361877
0.66402990326243705
0.66391868689166689
0.66344442876306964
0.66365636128390149
0.66275511947082655
0.66242645152241808
0.66161124180550279
0.65942118242335890
0.66038687570553833
0.65791944945206460
0.65539034294017451
0.65454807071090271
0.64938798073769433
0.64700893577097851
0.64342137782385023
0.62510521736591129
0.61648682498893059
0.61156395445310729
0.58904177506007138
0.55064078942774564
0.55274092307992895
0.47704830444305779
0.43782945568977671
0.34436334126492374
0.31276304622680329
0.17753650793113496
0.16787750465586526
8.0407509923776987E-002
2.5468608132198423E-002
-4.5900742724013677E-002
-8.5379260300947335E-002
-0.11928469435143318
-0.11343418012181128
-8.0293681186164756E-002
-8.4414210940901180E-002
-4.5539740263224937E-002
0.66556723565911202
0.66551983702307060
0.66547250489337584
0.66538014862625028
0.66533948125616815
0.66516706354161403
0.66507607020246384
0.66507950974563612
0.66500363876441726
0.66483330344805180
0.66469516321555644
0.66461985819825009
0.66424807063644953
0.66419458202533466
0.66386839501071127
0.66374719143085681
0.66339947060316728
0.66299945902679758
0.66202525790709177
0.66180164461887836
0.66119759644490128
0.65913156867897027
0.65744665018982973
0.65529430240976771
0.65345204485941921
0.64874496672212678
0.64700042699638982
0.63955898429414915
0.63644276458810589
0.62987809023233621
0.60046370447916064
0.58409047710953321
0.56447348049959678
0.51801550106402927
0.49374074082386021
0.42026593528783107
0.37667047902040673
0.31259671508027564
0.24678697068285615
0.18673974748528532
0.11268644894103563
2.3655130612633579E-002
-3.5209021611806834E-002
-7.4370077990577599E-002
-9.7654766528864956E-002
-9.2380460374358764E-002
-7.8629671501558640E-002
-2.6405356395736046E-002
-1.9856958937688240E-002
-2.4013066060190935E-002
0.66551724061560902
0.66546309744899212
0.66541215506231843
0.66532152735092909
0.66524059113917156
0.66518487098691204
0.66507084414591988
0.66502837916222723
0.66489340012100628
0.66465821440963591
0.66462125015510232
0.66435016055230278
0.66401094874005118
0.66390897713696573
0.66382596740307254
0.66320601688249325
0.66260079635437374
0.66208466667546950
0.66150910532548446
0.65896563496694260
0.65973336004482674
0.65788946040778584
0.65819284993610161
0.65238502133109488
0.64982776687932542
0.64519450082893437
0.63671737948403850
0.63095499365571983
0.61940073675821583
0.60881880430478963
0.57857261459005271
0.54445337896870338
0.51261600135186891
0.49702775881686190
0.43641701603345340
0.40143306278350832
0.31785912704243957
0.23293107465478535
0.15031373391868041
0.12209333890538709
1.4624902749267976E-002
3.6901824376021075E-003
-4.5268695211272636E-002
-6.0443602005316510E-002
-6.2552072408217585E-002
-3.6022456696918725E-002
5.4776854992690804E-003
-5.1969072789734838E-003
7.2796621695712105E-003
6.6549373559269709E-002
0.66548974956911700
0.66542251846561684
0.66537134500186301
0.66526939425202591
0.66520367839444361
0.66510671237174457
0.66508905580447220
0.66488551322669220
0.66472128433448185
0.66450485196156273
0.66438270827900592
0.66419041458262618
0.66369012892071133
0.66367743930442358
0.66367750332298403
0.66237456861134802
0.66204312131665699
0.66154955146020566
0.66136129267034960
0.65934964496198789
0.65808745684586256
0.65788671986988378
0.65177560792108347
0.64900461741627713
0.64022405498942725
0.63620549387602798
0.62909987236640119
0.61669941343784962
0.59294442002298631
0.57475335195904975
0.55752085217710601
0.53656641792681214
0.47702378385617250
0.46320121636581790
0.38098328179785890
0.33075634030312084
0.24421242097947682
0.16741145147513037
0.12353757550833566
8.5091332477562287E-002
1.2419488143095347E-002
-2.9100760469276121E-003
-3.0664412528917495E-002
-3.0376106748786436E-002
-6.9100242285886626E-003
-3.7704390341675165E-004
7.5208375941729133E-002
7.2080654184975890E-002
6.5648981720971111E-002
0.12252911694696622
0.66542651643771111
0.66536445823340584
0.66524605487933952
0.66518316989289072
0.66510251368426276
0.66506660153736263
0.66484639808584456
0.66477280846179898
0.66442986167278528
0.66435129732796150
0.66427374378866744
0.66401867916049984
0.66381801987739275
0.66324515873715462
0.66283215831062270
0.66122911092612913
0.66110534994104397
0.65903581183629178
0.65907783597703351
0.65874667446430191
0.65617258236805509
0.65327353974259550
0.64729541243670163
0.64286712232164511
0.63358821531881482
0.63468532284045831
0.62344934062816892
0.59673703334081418
0.57921292946088743
0.54489079260100048
0.50419787894821166
0.50243438917226069
0.42237498365524628
0.39684118874291874
0.33122452627589360
0.26154289727814883
0.20293787818080999
0.14823877176746902
5.8813818113290117E-002
4.9879242606069463E-002
2.3790989133642859E-002
7.6707807064224642E-003
5.3922310861642675E-004
4.1007572154528549E-002
2.4087128998690033E-002
7.2353322526676256E-002
9.5853067774563261E-002
0.14928110900818137
0.14099589473727736
0.13934305229226973
0.66539778995821064
0.66528552622552306
0.66522484771924806
0.66512503458797123
0.66498088212865170
0.66482999462641623
0.66472445510224931
0.66441714742990721
0.66448821222418597
0.66400573695265086
0.66348197807144005
0.66371080149000794
0.66319656413117523
0.66296838483234133
0.66275231486360497
0.66142301057328035
0.66032501607332006
0.65954428315992697
0.65825781996167465
0.65695836040817635
0.65350765215639983
0.64856234798514212
0.64533632485301351
0.63670465626183603
0.63148139824067551
0.61310808504907088
0.59548001552859287
0.57811916744289915
0.55616071201138007
0.51569515780895547
0.49054497436394828
0.43101874218975966
0.37770438447074539
0.31815532287218029
0.26798733742224412
0.22416201565709415
0.17467804364710493
0.11731111412698592
8.4537605554581785E-002
5.0258041062088088E-002
4.9281697529981017E-002
2.9464534488288563E-002
3.2955433467072637E-002
4.6041051625170137E-002
6.7313987278008858E-002
0.10465631570030409
0.13936058525330886
0.17336586339017523
0.15421554717341424
0.19249361158113520
0.66531142730352610
0.66518434770921298
0.66511423504752143
0.66498299074722389
0.66486146397545753
0.66475202976549508
0.66464385117671232
0.66427136361715078
0.66413637667409464
0.66424299021666511
0.66333101661385974
0.66351628333449075
0.66348632027438370
0.66203723892055844
0.66144229790338138
0.65937957056071106
0.65993201265859958
0.65685358435518482
0.65493477656020094
0.65219064601972454
0.64782439195141883
0.64221604371660990
0.63587926228155411
0.63193874645880566
0.61477908353332533
0.60014855737483275
0.58913112680485735
0.55718080890003074
0.53105110859026838
0.49493078086331876
0.44423461720849222
0.39021284776167586
0.35596985833709982
0.30337959381889246
0.23540915403756546
0.19198950979792995
0.13243511387010631
0.11098201718686818
9.3792900740095053E-002
6.7650694420251289E-002
6.8324161938033368E-002
7.1980871430973314E-002
8.1914263714969127E-002
0.10764449814052790
0.12010246386643364
0.14609299962685118
0.17733223332823944
0.18722186624208215
0.21431219229244125
0.21792827689495031
0.66522218661576504
0.66499824984278777
0.66501908946931310
0.66485144418349007
0.66502202380346531
0.66463510169109585
0.66448087149128532
0.66392989525468904
0.66383128087761478
0.66307792137028310
0.66281736952049797
0.66191910015409183
0.66155566236306962
0.66047451903807186
0.65946638962493109
0.65786509784493497
0.65723773162386534
0.65244996338293115
0.65197959191461952
0.64636305148737816
0.64333929605553175
0.63254066770911588
0.62604284928170106
0.61251131665060987
0.59793088290280949
0.57395797650008651
0.55569210023143545
0.52974172210184856
0.48633313824633895
0.45108830994134430
0.41803765850102581
0.38157596595038323
0.29919076322272109
0.24797796343083311
0.21743533786731362
0.16645819168446940
0.13492072231504304
0.12709209501982299
0.11257440638113914
0.11804617937696560
0.12131696460208219
0.12730994033362986
0.12744021065944366
0.14659756707882698
0.19741990737331871
0.21108115557740736
0.20663048528238892
0.21194355219471128
0.21820294825696518
0.21235764005488855
0.66505560296754651
0.66497674647551175
0.66479478844890849
0.66468370020694789
0.66452998785648676
0.66427385143506057
0.66419049128907592
0.66349225905345532
0.66299390500916722
0.66319793748313871
0.66247731382095476
0.66147319145299499
0.66106821504786395
0.65950477725055823
0.65776235807663030
0.65670512960639116
0.65415218477749182
0.65346182845498035
0.64563936475710260
0.64026506282138862
0.63079664500283106
0.62626779436668856
0.61492733961303014
0.59048523977863931
0.57227665353879442
0.55308994756618723
0.52249123041373569
0.49741808344874860
0.45988168153919251
0.41067926129418886
0.37801825228767316
0.33831039366528315
0.29687232461095314
0.23409979376618739
0.19955286659740334
0.18771914971676951
0.15671077832900127
0.14714055382765612
0.14073868792412303
0.14821999484453807
0.13424745447026010
0.15543091141493948
0.17962485660728722
0.17741261485284210
0.18929652009961750
0.20919003874028030
0.22028508736054420
0.24769563400958938
0.24188318980314694
0.24738078394016905
0.66494528928237240
0.66471580622299631
0.66440908710811653
0.66427584525812633
0.66424757386348132
0.66442611728564316
0.66310406853032999
0.66344443974400147
0.66246083936689493
0.66208003867844478
0.66149382268535883
0.66058484871154122
0.65869113782807109
0.65789332187355898
0.65613254590469361
0.65285033685524452
0.65043558654993183
0.64674844343228177
0.64067250104778561
0.63158951065160518
0.62833852845214799
0.60688623578817991
0.59960854989121914
0.57669668163722021
0.56012724989713536
0.53385112134272250
0.49976719086611077
0.47548970141833280
0.42881753720480598
0.41472471771927599
0.34846094074147360
0.29013145302216181
0.27448231887134678
0.25130719852885186
0.21966229940683257
0.19837344061872630
0.18574838941585881
0.18554384463285556
0.17913461811863596
0.18412622983862414
0.18819164236513619
0.19583551388534148
0.21085896834484130
0.20513835121272017
0.22828951275314269
0.23123066064845665
0.24713135191937918
0.26479825275231694
0.26154115405171630
0.27241310420416431
0.66472946073072214
0.66446765081653636
0.66447995719422037
0.66396750013959394
0.66375678347369960
0.66322014140734775
0.66318024363904016
0.66224587640535071
0.66238870838372654
0.66147706810703211
0.66019828485211252
0.65808215076962062
0.65632990550914772
0.65419383595373204
0.65172139574981647
0.64962203929933682
0.64547806991605428
0.64004134588169903
0.63019272897189638
0.62471944646239186
0.61209029830819506
0.60055072969106504
0.57433340463552884
0.56346911950366541
0.53038302756172540
0.51389336953616160
0.47919381431931918
0.44903246552990783
0.40502119587613139
0.38144899385407427
0.33561156602199416
0.31359729119241730
0.27183195087439815
0.25050027931733032
0.23921969387126452
0.22251526511400033
0.21788496032212545
0.19988028149423565
0.21879186106289616
0.21674243433217100
0.21293319093005758
0.22715019125613423
0.21380936647452442
0.25473833177060579
0.24123631973461668
0.25803440048549431
0.26194858972368984
0.27489222299357985
0.27578552678347035
0.27774966524126554
0.66438579011446675
0.66432123562742684
0.66391343848836348
0.66387246889213625
0.66320667066949679
0.66291271566753140
0.66221927097466704
0.66144915046583530
0.66077129647897825
0.66036754392830588
0.65874731027704214
0.65759806414985222
0.65519605037426487
0.65060997423171218
0.64820144033224503
0.64569729082045590
0.64049475215829133
0.63124212975941307
0.61800817936995223
0.61466750811251636
0.60016752367425164
0.58566078366481411
0.56718367648405077
0.54778847620080628
0.52285964222802472
0.49629382576560921
0.46802211963086437
0.43730468387293064
0.40687454502169673
0.38045988482917836
0.35990258075794013
0.32134913955528366
0.29015061044813384
0.26999054370847153
0.26363360555891979
0.25258899755521935
0.24380912797786647
0.23802575851551511
0.24122460803636392
0.24047854158714388
0.24736264250750795
0.24264290406025435
0.24566035902201433
0.26632579719902327
0.26281575998215490
0.26553087862811242
0.27072601661996920
0.27750557061382430
0.29521901293733088
0.28156984607223046
0.66410781574120570
0.66387199872974589
0.66329988925538252
0.66300888774713029
0.66261588517218306
0.66169639060978724
0.66161433639243827
0.66034047966027976
0.65943925975839179
0.65717589069700533
0.65580547606087158
0.65419297903212370
0.65269545188114464
0.64796139543209397
0.64595456246860583
0.63948365171548627
0.63018501641838987
0.62488396469116658
0.61604906926273217
0.60279295560736279
0.58781833731744970
0.57920342195012298
0.55596726668396856
0.53961133261656846
0.51960262717804606
0.49699228863176803
0.45784715142530752
0.42687810529724468
0.41430794664382864
0.38196168117519713
0.35073038491000141
0.33801974156152226
0.31359359561030509
0.30287753235962378
0.28468574523091095
0.27816733024129447
0.27178594212836216
0.26668269443744808
0.27269121104080785
0.26664466235506179
0.26651715620463634
0.27338114278796510
0.26838518876192263
0.26833200490794740
0.27045866165450971
0.27702023022976996
0.29702093058950996
0.29314043594631167
0.29278047133358664
0.29938652848788783
0.66388204622533986
0.66312009778639625
0.66306715207585709
0.66243038719796266
0.66175953135982313
0.66050320337371349
0.66001598878996948
0.65914774401074283
0.65762677957429938
0.65582497120108896
0.65507883564257141
0.65135099584397071
0.64786206514066280
0.64549913826031013
0.63929941364971654
0.63134993971566233
0.62566551417461569
0.61980248005598626
0.60365202153537445
0.59515564549114375
0.58447773323205898
0.56290141898957713
0.55002134054105745
0.52835290808162316
0.50575242400413289
0.48853451084387089
0.46421377035013422
0.44220173245610306
0.41530908564196578
0.39098543323395929
0.37362797437909323
0.35224091374818345
0.34452400974710862
0.32431332534324497
0.31477342248951812
0.30319714893969307
0.29932041831503009
0.29101540845823803
0.28471457273949297
0.27972405921264776
0.28116006824337192
0.28375718136432615
0.28094804581562893
0.29030824455596871
0.28937776737759124
0.29419432177043536
0.29463178610085050
0.29653799601873354
0.29629360150671491
0.31076552595691065
0.66313605622704974
0.66279771622731354
0.66212742793970869
0.66173607088671682
0.66115009255731705
0.65981207355166616
0.65893257683801698
0.65795582038230160
0.65486236812514353
0.65256296190700924
0.65166108256317634
0.64914694152566055
0.64565471773193739
0.64060423617843476
0.63627324932839169
0.62861967807199481
0.62131292755728262
0.61353788135945719
0.60567536687063717
0.59405796048856696
0.57851017528551019
0.56910243317433218
0.55102409707130928
0.52913958208447442
0.51078177782461376
0.49228783763296324
0.46535314673286310
0.45101484048765639
0.43002220009037539
0.41120501950420263
0.39832353011827581
0.38261208349605658
0.36355668154644960
0.35073153134553814
0.34350565139250022
0.32650315689949816
0.32484855389269585
0.30990262652066014
0.30980732500657449
0.30998260798803812
0.30931338718034085
0.30423996699339850
0.30060417271775020
0.30114537749839987
0.30403148463426699
0.30634717355583141
0.30419779567782390
0.31392098015990022
0.31467892385557772
0.30679560704937803
0.66243874021756888
0.66191389697977132
0.66130276596675408
0.66071325627267874
0.65992831639104954
0.65894759919260659
0.65665801176460570
0.65575892074985997
0.65486724514250660
0.65227090444869218
0.64928741783678290
0.64595907184122936
0.64254923403276676
0.63965211889454165
0.63404401087675144
0.62718342019367124
0.61775076917597083
0.61156701602556318
0.60511801707495061
0.59093346785001266
0.57888023375825892
0.55882568999393323
0.55373801206487783
0.53887586706765778
0.52293671418075216
0.50068863134238684
0.48802248267613402
0.46663541319726909
0.45202808155291374
0.42899219784259712
0.41740041501112057
0.40450342799989936
0.39262345562622747
0.37811006708523909
0.36495152384823304
0.35659435910932180
0.34699019288001154
0.33488205001970572
0.33382553377038005
0.32974627903700771
0.32587078837301597
0.32419054441968154
0.32259042255083459
0.31897857061639490
0.31260012862907194
0.31186198236243023
0.31543739218914990
0.31784293823841359
0.32358372197012508
0.31661374374575946
0.66196168612065098
0.66134288330665159
0.66042377342897884
0.65991079891822002
0.65897413795737347
0.65744825762988812
0.65663229971161940
0.65499095062233204
0.65282380949186158
0.65039479485061169
0.64874839322711320
0.64593538690430452
0.64105604839156460
0.63689389483733705
0.63193433365602769
0.62672305374268089
0.61889959820269624
0.61368693459972279
0.60277133729800303
0.59325293433102355
0.58623365724418464
0.57090017095208545
0.55790917895053371
0.54791388428925014
0.52933016490005436
0.51293023869388366
0.50763986799757710
0.48842350663436773
0.47610959093910832
0.45603442428638352
0.44266137045680809
0.42730461602435688
0.41735126807869793
0.40275322687374382
0.39086082358493168
0.37909435691289517
0.37062594635366941
0.36481746710529805
0.35534970255497389
0.34410087359388375
0.35107191062651466
0.33693192226732960
0.33861437243716819
0.33226843890535462
0.32952254581677198
0.33097098838208594
0.32613993009285047
0.33398065166902091
0.32766090833206507
0.33023000975001671
0.66102701044139711
0.66053531002847754
0.66005127075238135
0.65889432827423389
0.65793941197519290
0.65673743160060516
0.65640021396076076
0.65370546812063868
0.65291514393062910
0.65027488941036637
0.64706355566361018
0.64465711053141173
0.64009569180091386
0.63891243270193587
0.63141098857093625
0.62599008751539997
0.62458636946817003
0.61665924487638324
0.60681886035817878
0.60130150312404584
0.59118461992758697
0.57842020328946120
0.56880796413801438
0.56011730505426638
0.54218954463750757
0.53940968521087873
0.51699958238776822
0.51206663374736072
0.49217143776047623
0.48115452293216454
0.46600379213689436
0.45552719366813832
0.44082733717500577
0.42850896241888969
0.41998903708919400
0.40736310402475095
0.39811716674509301
0.38794473335876223
0.38023648321039849
0.37244192522446551
0.36438938692048795
0.35953478103403780
0.35569381295333580
0.34973754607283392
0.34783170857132240
0.34350628586878407
0.34526377796870678
0.34282861064702252
0.33343072950342889
0.33585638544133189
0.66073743165269017
0.66036102637540672
0.65950029573692381
0.65848007505008443
0.65793330766974545
0.65666758620018395
0.65494665053417289
0.65386520486366728
0.65251728289784539
0.65021222295800074
0.64688975935538107
0.64530258195295009
0.64299153249958252
0.63852784488633896
0.63467739535334078
0.62997323419051110
0.62643070473901219
0.62033611555574031
0.61492218332346804
0.60447607154089478
0.59870193306788710
0.59181310145554988
0.58152815186016849
0.56885338084682713
0.56032611717172198
0.55069459661129350
0.53946893720942379
0.52676511871783060
0.51625021500323243
0.49780052448262735
0.48996651163154314
0.47779516070981998
0.47097555275203395
0.45204609090687053
0.44048689669856911
0.43390930298884289
0.42351727818773255
0.41169578174443811
0.40306474372943013
0.39694746860463292
0.38891073939429155
0.37964772654779566
0.37624404067234152
0.37042146476603832
0.36262840477288860
0.36633143143245239
0.35720179544175179
0.35532417595271903
0.34812824690387045
0.35212851596408545
0.66060287365031278
0.66024321915841844
0.65937061185648238
0.65877926826424416
0.65787575143960586
0.65694359995372131
0.65634722822920633
0.65434850460972183
0.65290175841929843
0.65129580357735217
0.64917664030985089
0.64585798884791490
0.64386475190095893
0.64143244480354855
0.63828379492318732
0.63350779288513670
0.63012271213635285
0.62647042283469734
0.62109410066034210
0.61332698987342193
0.60975403263816941
0.60032193000007505
0.59471098709238523
0.58334156883618304
0.57908839037092186
0.56764835468484021
0.55576669574671977
0.54909208116334918
0.53513688471652343
0.52418554357943470
0.51384939410741226
0.50087831131929583
0.49011255348448823
0.47743536259455566
0.47428897197051678
0.45776686279632750
0.45066969045921756
0.43958142522389576
0.42354920973090682
0.41897668332578775
0.41196117090676110
0.40315432743120871
0.39978002549499514
0.39024985137241563
0.38219544727453691
0.38284124559729160
0.37038763775089145
0.36789071355116754
0.36524892345627324
0.36322450577995768
0.66065844631756176
0.66011513706726177
0.65950946264178723
0.65904143448850272
0.65773984598925817
0.65675602420364410
0.65534650309952314
0.65486590543980494
0.65345047316405946
0.65274535431811231
0.65008118394983228
0.64830959891914963
0.64602873670591976
0.64297184043877120
0.64029363898656566
0.63758140815137532
0.63394168111915550
0.63053472718768078
0.62635039827089201
0.62097915415328142
0.61595108746247584
0.61151360652243891
0.60519812634826953
0.59665364818015654
0.58945986139512596
0.58135899066424068
0.57321534907888438
0.56327226169208677
0.55701668871989762
0.54648903615466582
0.53592598896532773
0.53065636083121781
0.51597783285269427
0.50258646390079753
0.49570487360268722
0.48651769234689812
0.47654073143643116
0.46221227569890755
0.45535743715151333
0.44569995286623076
0.43749595385949358
0.42765338856257318
0.42114777239379553
0.41346904036174204
0.40615524134561232
0.40066225542992973
0.39555638282276029
0.38892107471737880
0.38107249841906965
0.37696637428307067
0.66090070703551351
0.66057565722164258
0.66000825028404420
0.65932381659622163
0.65834127734589698
0.65782125509106804
0.65682671039275697
0.65581282741432079
0.65433598541616811
0.65333845664283841
0.65225736422843372
0.65048251450612171
0.64813276706712686
0.64609019441160653
0.64318643830702871
0.64099366687077697
0.63908094575004482
0.63511637646704422
0.63357145878131238
0.62704547197825078
0.62233308877444449
0.61881816168990567
0.61385198156636989
0.60916359469261483
0.60065580384684925
0.59728787778029024
0.59044517848959477
0.58117519976893939
0.57356500600412585
0.56499744578130529
0.55786735920261754
0.54870763089597729
0.53753514134593905
0.52974899283569665
0.51797281825804964
0.51096129094903553
0.50205396891767995
0.48922153251757694
0.48012720971495704
0.47517959894367912
0.46398782307254161
0.45374764261498823
0.44637016281875141
0.43686229681597988
0.43012167299051940
0.42083783561633725
0.41524827771586481
0.40882526486391113
0.40422377022551514
0.39758557144537188
0.66119425519609720
0.66076735871552050
0.66017091661536242
0.65983663540481119
0.65903970703767989
0.65789659073963036
0.65764458210488796
0.65660543647764102
0.65553384371140022
0.65545336387159947
0.65344646344660995
0.65259495408673207
0.65159529831206053
0.64901709243186501
0.64707966195795896
0.64517386572463997
0.64303015154488730
0.64040653014471260
0.63747697860380315
0.63484561048051202
0.63157790656836377
0.62840780405139973
0.62320800416301403
0.61820408451749620
0.61272675752734951
0.60866418627016616
0.60282176380820363
0.59860541828842273
0.59009701626286715
0.58403668061087843
0.57096651677019072
0.56709895833965263
0.55839177277026364
0.55191401643692062
0.54508992582482862
0.53428919103168415
0.52617816175976939
0.51720910571245082
0.50657265928149242
0.49986646249551780
0.48789503478480278
0.48322301388016098
0.47315464305667942
0.46261776518103637
0.45555071845224604
0.44899430479902314
0.43991100380536707
0.43343663510274200
0.42474991579255739
0.42242382657631183
0.66168542622176985
0.66110823186654688
0.66098872106344597
0.66021925886494492
0.65980294783631299
0.65903636021228751
0.65870916429964854
0.65802400968291463
0.65719083769324160
0.65569516504963388
0.65587966725550939
0.65395154101970521
0.65283437451229609
0.65137473494815068
0.65070998631778842
0.64869365579894067
0.64636161134759429
0.64463887383136620
0.64175638091141074
0.63937425653199154
0.63732110685126730
0.63332651265566853
0.63207904691693129
0.62764672733818672
0.62283530681215771
0.62010835296292588
0.61295085675841898
0.60982391889805143
0.60461855114491048
0.59685680389129103
0.59242108161429907
0.58640722827203950
0.57679137051055829
0.57428328523604377
0.56608381442219546
0.55647033682636571
0.55000086961329275
0.53753186659575669
0.53402235965877765
0.52395353305225423
0.51431317013176181
0.50494325657625305
0.49732725499339969
0.49073414722176301
0.48240275512149755
0.47454252557615062
0.46306230846721408
0.45821473643019928
0.45315850362384358
0.44282491505420485
0.66212713457589523
0.66176051516800216
0.66133791809287601
0.66105749638269640
0.66035604996593644
0.66005271406512267
0.65971248666442373
0.65895786514883614
0.65828241660958375
0.65817751358791143
0.65680042635717217
0.65589984259987122
0.65499797005349158
0.65369681918104872
0.65290421597137416
0.65106867592137418
0.64933766429254103
0.64829948495453116
0.64630655176067320
0.64473349919174450
0.64236710462524105
0.63994486015662810
0.63705616201934323
0.63412153874665811
0.63075750733461677
0.62796176860015884
0.62329117400636669
0.61849565756893476
0.61592975341361655
0.61276494277399673
0.60691236747912591
0.60196647597678954
0.59637347914216843
0.58835820072070943
0.58252501358088016
0.57524337698870620
0.56974375185290804
0.56318150256555677
0.55432624935139663
0.54706406139555463
0.53865047808797528
0.53072333730526655
0.52277910987499387
0.51678557953901616
0.50805831036098215
0.50068388202422121
0.49332794908883371
0.48296058962987043
0.47593138273445201
0.47031294028666715
0.66248461453611052
0.66214937661175344
0.66183680422224911
0.66158216025760552
0.66109039063757968
0.66077478737302497
0.66027558294870792
0.66002312270047137
0.65916659025933633
0.65872359002408998
0.65804117130884321
0.65688404860299854
0.65701121683444819
0.65578398317982400
0.65459997548436588
0.65444045069638901
0.65261609976941548
0.65154988332899877
0.64995169583430934
0.64821055120159399
0.64670571861005055
0.64527417425615041
0.64270062332829170
0.64087284767755448
0.63705946282818238
0.63561047404451154
0.63287999326817213
0.62767869090088335
0.62582685458036669
0.62156427187735197
0.61845125205794726
0.61442851181640923
0.60915185971012109
0.60308651956528381
0.59798779202261709
0.59395480636365461
0.58760988569364847
0.58225018561062614
0.57426803104792246
0.56789880701662754
0.56440688152617779
0.55631290404914435
0.54766377174427894
0.53848450313622842
0.53283057466845429
0.52534827093102876
0.51755655150177504
0.51046943110154142
0.50286046301346810
0.49405619829260972
0.66294221123974373
0.66263175787811268
0.66246504659314409
0.66203832535218221
0.66175856233231423
0.66144989410799693
0.66115461928155062
0.66072214263761042
0.66029719553839405
0.65968045788307417
0.65894943559268793
0.65901149003243442
0.65773892313519933
0.65754936456353230
0.65662036831340109
0.65515930032178071
0.65468352388023543
0.65373524342358413
0.65253186597507440
0.65188326028252952
0.64985181483531007
0.64882334083555104
0.64685537918357972
0.64556173885446100
0.64390367098675971
0.64233086157543018
0.63931545168529591
0.63658940409629550
0.63387992510794988
0.63067007642971851
0.62741572882533059
0.62406136714332772
0.62204743539090068
0.61648390140806852
0.61414892753953110
0.60701721150999621
0.60322564192737826
0.59935754565454880
0.59068163749365976
0.58793090332288578
0.58237096508144048
0.57708128389208846
0.56959954873970653
0.56348445792575674
0.55614184956948909
0.54943168735443626
0.54061493660381443
0.53783460693499596
0.53069419704105680
0.51909556593329220
0.66325110191689507
0.66296791136887046
0.66284126842052349
0.66260100639803710
0.66235970020163459
0.66191795523427466
0.66174947224712177
0.66136936780765576
0.66110384090511620
0.66058450386172785
0.66024597176868849
0.65986205941678699
0.65920662147378861
0.65881173560333162
0.65812090513004051
0.65768080040525256
0.65698158053258915
0.65599741281725676
0.65498225845576474
0.65443713677466786
0.65339241999200348
0.65195395274325052
0.65094404242893888
0.64911976837129648
0.64811048722334452
0.64564197300928483
0.64430972545828757
0.64299060401612895
0.63970551195474001
0.63908078168134885
0.63613000135748843
0.63296335966730699
0.62860539287536343
0.62790645159609415
0.62330063864693153
0.61998103234042912
0.61635705795093143
0.61242438898875351
0.60647808683344384
0.60265059937704302
0.59800509355048526
0.59245306809776710
0.58777393152306834
0.58252574447114669
0.57850367125534530
0.56858297105041133
0.56300924018468657
0.55941649057228804
0.55197203481286761
0.54720616071000272
0.66348959543693753
0.66340221936873733
0.66315681296962747
0.66301254063559001
0.66268117870068177
0.66251281393081807
0.66237745891968958
0.66208523248004492
0.66175094621939246
0.66151287063146413
0.66107250724741262
0.66063803317278769
0.65996857043085422
0.65961902133166195
0.65962468406549879
0.65888848842944325
0.65827170571673788
0.65771018043971274
0.65701623530180464
0.65641620191477124
0.65569235704204276
0.65460870174567454
0.65385690515466888
0.65275791285021367
0.65108914992911537
0.64993046413470690
0.64905592774740350
0.64691505685445139
0.64528104588590396
0.64440944678812517
0.64267277696637115
0.63924604074452052
0.63759979081104934
0.63498724890591585
0.63286689587547684
0.62976935238635412
0.62831120545811681
0.62316838613313852
0.61931417949383705
0.61670232263303126
0.61269841506010703
0.60849392777751921
0.60246491728683860
0.59896436245083040
0.59506928650947055
0.58761069636345509
0.58365509639846069
0.57991197913376424
0.57243933676810133
0.56639616125249725
0.66389291503604786
0.66372164545346646
0.66357348271388017
0.66344567595238058
0.66317256785869549
0.66297731562888396
0.66274391506627062
0.66258776396358332
0.66230169124294136
0.66201160071172860
0.66162855998907821
0.66150874691987804
0.66128201456551960
0.66078639533606842
0.66038658169903774
0.65996599324078642
0.65962518909443091
0.65898844774353993
0.65851437473005603
0.65818547667548000
0.65745023022422022
0.65656245034394911
0.65588026625683682
0.65496833636153684
0.65434259635368708
0.65310663648427791
0.65245437781612980
0.65118654041496549
0.64954435595438498
0.64818062760162509
0.64685591881790727
0.64533653832087201
0.64367627521116844
0.64280549622225480
0.64001755231145996
0.63840230462870151
0.63438608199740032
0.63370056004470776
0.63023414393528454
0.62747325133461207
0.62439121105912809
0.62177822495698265
0.61634679493125777
0.61388277209649778
0.61036051707878158
0.60770805992139110
0.59984831203931499
0.59608505031416137
0.59239855745239300
0.58783429651439967
0.66415929490752612
0.66406522726071082
0.66390502226188741
0.66377611124743385
0.66359393603744943
0.66347273911996563
0.66322292951379513
0.66305095683252713
0.66289736884735251
0.66262953920648671
0.66245219669117783
0.66226167998310081
0.66178790300309087
0.66167308359994781
0.66131283680292940
0.66092104701089449
0.66072971853276230
0.66031554208699395
0.65970524480827930
0.65967486303130407
0.65921320500996883
0.65827420658731040
0.65786661366074628
0.65742574470490056
0.65691150871608173
0.65563061888373608
0.65438064369363547
0.65400458513351778
0.65295552199689766
0.65181505030804443
0.65097012859371484
0.65000687331718732
0.64783578539641540
0.64668383899368265
0.64485095926904457
0.64320081308935917
0.64125498722483965
0.63901872918464597
0.63779966668293819
0.63617471782199342
0.63366397441318556
0.63070117292251404
0.62872339631493324
0.62628371620897405
0.62161010258155669
0.61958432839017874
0.61632177603757499
0.61087734672311167
0.60686639716263024
0.60291743170043599
0.66442032795136496
0.66429250891218317
0.66413786583980405
0.66406548586078507
0.66393531734922662
0.66385220739673256
0.66365250235017381
0.66344096439663092
0.66320916548761022
0.66320871340367449
0.66302809029800736
0.66280814659739584
0.66257888416887201
0.66230857670132182
0.66208342086355088
0.66176649214207606
0.66162945084585756
0.66116784093343262
0.66061682514753828
0.66058103155937586
0.66010318612414187
0.65987663892336701
0.65924906308211739
0.65879643490473683
0.65824958502601849
0.65763956949627822
0.65720820464130669
0.65599729444240173
0.65584006075426604
0.65465381428366753
0.65375302300247629
0.65271214362141050
0.65237856630934288
0.65080174157602255
0.64993817779659235
0.64898894152244790
0.64764169194105659
0.64563574182884054
0.64509823009413636
0.64204084182192567
0.63970195521108919
0.63895081245415430
0.63631330409066367
0.63515999228681874
0.63207905928329655
0.62950887803653766
0.62594792573339308
0.62362712094896611
0.61974934716143193
0.61621324160744484
0.66464953182516817
0.66450831388916454
0.66443030333219921
0.66432051036076967
0.66425513555756921
0.66413385247784018
0.66393531742719647
0.66385724241903143
0.66364000464617667
0.66357101486419989
0.66337980293032495
0.66325482202116337
0.66308860207382136
0.66287447197820448
0.66269956952408759
0.66241578612503171
0.66220450936701536
0.66200035586578854
0.66174516962155117
0.66136832728889083
0.66113033644689845
0.66086961731657912
0.66020572030957669
0.66004150227190772
0.65961340200464436
0.65928166776890440
0.65843608105852924
0.65771571203197698
0.65743078541848909
0.65726900355986073
0.65627478153560781
0.65568791688689854
0.65508284358388291
0.65419121641824640
0.65293881025580935
0.65197596106826650
0.65078772074747704
0.65049514566382582
0.64868213880351444
0.64744042546991931
0.64644060284121940
0.64429009865818965
0.64292468189321161
0.64025207463024036
0.63947950642083584
0.63649036417764815
0.63516709910337621
0.63303557546518763
0.63064689443772348
0.62732340631814854
0.66480132267582337
0.66475700916878677
0.66465895859121260
0.66455254264820018
0.66449896980494327
0.66438295310365469
0.66422510895861309
0.66409868041137177
0.66401533470502472
0.66397458198446657
0.66377325055679526
0.66364879316008052
0.66349455282237191
0.66334371891245247
0.66312786763104348
0.66301743603584629
0.66284499684564202
0.66263637766801753
0.66235551142411753
0.66208324377426653
0.66178462436815066
0.66145599749741779
0.66116051601549086
0.66104589834107208
0.66073375203451867
0.66039763754331093
0.66016741158947001
0.65952036949646098
0.65917833314297070
0.65860438143756550
0.65791223386698272
0.65761985268777590
0.65728339922394774
0.65620525176553390
0.65579732866519413
0.65477473506614514
0.65420416524427094
0.65340574598717649
0.65179560688408211
0.65190797148180890
0.64998742138262888
0.64873001722210777
0.64760845993245231
0.64570327038179398
0.64543243389299465
0.64348926189732458
0.64147179802039522
0.64029219360921974
0.63836805619669745
0.63557117509878425
0.66498308081635038
0.66491737585410737
0.66486853343438390
0.66478952642733413
0.66471135423833050
0.66457678979924506
0.66452547829104491
0.66445638828497111
0.66433870083911284
0.66418703562712744
0.66403618644103735
0.66397596630081135
0.66377260882545186
0.66374871037085736
0.66355292710012881
0.66348524680610188
0.66327951482595759
0.66322216708270187
0.66291330678294447
0.66280921292626449
0.66260786533341298
0.66232956188713787
0.66203746360452675
0.66181693320096846
0.66156552273172409
0.66137356774936373
0.66087337133455137
0.66079412485954492
0.66030458218421917
0.65994341979228199
0.65958620317346672
0.65914814897858753
0.65886780670844236
0.65838870360183188
0.65768840021534336
0.65709079548263083
0.65660237683172418
0.65601013213929860
0.65510325966581107
0.65483496623746273
0.65353394521510766
0.65239734191828469
0.65199391037041221
0.65066718255779987
0.64991100501236176
0.64837431765177944
0.64742351509523521
0.64583229571511347
0.64385598447622705
0.64305218885909288
0.66514746667482483
0.66509278567749974
0.66500528494708444
0.66494061620941580
0.66489522909417764
0.66479968109815812
0.66471017722265302
0.66467793791944874
0.66456580789372344
0.66451996163751148
0.66441255691030510
0.66425129806062022
0.66421018296190593
0.66410556892146788
0.66395957453628229
0.66381583258307231
0.66366067127754058
0.66359709528794864
0.66342307613804952
0.66317080361405756
0.66313948463126615
0.66294643373176076
0.66267675571145412
0.66243376950649535
0.66231508231564806
0.66208389890578156
0.66181102245796208
0.66150738784957230
0.66129465074913030
0.66110735939992105
0.66055856887979325
0.66053008438349070
0.65987644484355013
0.65969879356926131
0.65918300318678225
0.65891431937641376
0.65841153978156441
0.65802055573714546
0.65718386019026154
0.65687281004379439
0.65609350377716891
0.65550275208245123
0.65446493794655380
0.65383499774221820
0.65339806700104619
0.65239688785144112
0.65076191235640790
0.65007578696724755
0.64863878093071059
0.64737597483535914
0.66526596543597871
0.66522578992537529
0.66517550089079247
0.66513580840400532
0.66504623717077993
0.66501519945316745
0.66492699154652679
0.66487825559396163
0.66476775693649315
0.66474628219425314
0.66463588880104951
0.66452661698305171
0.66443868554572871
0.66434733013503844
0.66429557138667716
0.66413182893700506
0.66404233852965011
0.66400660401799982
0.66380634662013993
0.66375621539703822
0.66348595981213587
0.66334142198552615
0.66328620972256447
0.66301639541731805
0.66281746576257972
0.66283156281504640
0.66253458060184678
0.66233999628317175
0.66199455767019066
0.66193263935918689
0.66181758040357141
0.66132516224847804
0.66100822833700246
0.66071233321012768
0.66051147624405382
0.66017456689451237
0.65958133352725157
0.65930808834363819
0.65881937243386401
0.65842305586600602
0.65822217117631199
0.65741881516479284
0.65713674108077780
0.65640543334935253
0.65570162320828596
0.65469815717333124
0.65437622711396060
0.65339053695108384
0.65251431770445589
0.65193578371992356
0.66541321131348363
0.66535453154391533
0.66531930012813834
0.66525186935044522
0.66522057032108206
0.66517042422804928
0.66509317441457450
0.66503868616862893
0.66496320551703181
0.66489898979356776
0.66485190909960390
0.66473789508567349
0.66465074676740232
0.66461608728167842
0.66456511518631123
0.66446611023901025
0.66436321640843943
0.66426523793944103
0.66417059263141953
0.66400907494455552
0.66391980583619892
0.66384385800593915
0.66372886178310475
0.66352051823412506
0.66343401695131832
0.66331410402005564
0.66313118243905023
0.66300303946956940
0.66277517177954381
0.66248943310212438
0.66234853767310753
0.66216700755082547
0.66188463313826784
0.66181883532258678
0.66141290452084411
0.66131848083079914
0.66092036772455476
0.66060858580712645
0.66022104912431434
0.66000921160973025
0.65959259055376784
0.65901628321200112
0.65880442196938160
0.65842807967717221
0.65785808605796281
0.65697626709131440
0.65667369821466459
0.65590463695743662
0.65567451734074711
0.65466805727455579
0.66551092819502977
0.66550273428426721
0.66540006373973470
0.66537915028725636
0.66536888813496997
0.66527456620034664
0.66522494189610326
0.66522772843624378
0.66514231505376253
0.66509609985539209
0.66503772710945008
0.66494239913456754
0.66487005927417997
0.66484135539841949
0.66479044820694277
0.66470211977693849
0.66464659345937360
0.66452821678131002
0.66448142505280483
0.66435199834325676
0.66425533103666257
0.66413316274522083
0.66408050789697182
0.66398637838102070
0.66385107846828850
0.66371265824276438
0.66358111557790433
0.66340621842646241
0.66324199459956112
0.66320272603724773
0.66303531427594309
0.66280926161795173
0.66258684432033310
0.66244968371107993
0.66239966774179815
0.66190229452773819
0.66185832163579783
0.66156243590445019
0.66120231994611856
0.66087294949378816
0.66074454812367545
0.66052645960974976
0.66010226036017361
0.65961361079507608
0.65945385830042014
0.65886975297103323
0.65856895354969913
0.65776333985147750
0.65763115327604060
0.65693857767134467
0.66560841545198346
0.66558535192998103
0.66555340827051568
0.66550150801149743
0.66546323716173417
0.66543612586739975
0.66537294872100516
0.66533961777053752
0.66529863337463846
0.66526582224197339
0.66519279514241259
0.66516155426497292
0.66511614766447236
0.66505449101158776
0.66495948179388120
0.66491965366113015
0.66481447582910880
0.66480359130667366
0.66462633760828971
0.66463062959370167
0.66454453502329214
0.66446602550282807
0.66427174427599145
0.66427312991418686
0.66422171434419397
0.66405598978892155
0.66396192916269592
0.66383955886741286
0.66368758096629277
0.66365487214277619
0.66340681233412835
0.66327948960058880
0.66322996338351681
0.66303935702947681
0.66278412732177006
0.66264573091448642
0.66255999622736361
0.66223614755489524
0.66207578750442275
0.66188928587487306
0.66164790438950716
0.66143424901403769
0.66106395639704529
0.66078462713363806
0.66055008238104373
0.66041288513023333
0.65995093416473694
0.65971510654839971
0.65934393418616344
0.65879982384546176
0.66569542171439422
0.66566104048680064
0.66564353301067847
0.66561475760665689
0.66558122010473397
0.66552685503836129
0.66549024514168187
0.66544708091956828
0.66541314110130112
0.66538635273591229
0.66533339070534081
0.66529311750604758
0.66524207231876531
0.66516906220803973
0.66516141728700329
0.66505149566120614
0.66503149366531100
0.66498299527413596
0.66489859392474693
0.66484728534408366
0.66475248172527712
0.66468261894062319
0.66464445294557972
0.66455208579414304
0.66446616134579495
0.66439780992770570
0.66425750063470090
0.66421185307885255
0.66409944270617927
0.66403025145551497
0.66382641315539270
0.66381805753687428
0.66368680995186902
0.66343067580742199
0.66336530014798323
0.66328950707326473
0.66308056784385694
0.66294786215025114
0.66266047209651235
0.66264515001162683
0.66239917671391568
0.66231925599532138
0.66200205268092993
0.66184649690533504
0.66150352526897316
0.66122248967398589
0.66099738298789878
0.66076212880198737
0.66044711181226901
0.66005411302664108
0.66579227510784533
0.66576194532158806
0.66575085918530852
0.66570598168605333
0.66567847896893018
0.66564045542723960
0.66561502711061782
0.66557706492769853
0.66554419512454022
0.66549775929131272
0.66545613662874792
0.66542248767745149
0.66538322998798793
0.66531733210463395
0.66529019532949141
0.66525561728382265
0.66517966197210088
0.66513068182845470
0.66508538418435448
0.66498505773363137
0.66494372937361557
0.66493242617543680
0.66482581697912102
0.66476974394222088
0.66467771962638544
0.66466329845667149
0.66456826324062468
0.66446363860473623
0.66438957539864485
0.66435707632482188
0.66417456945738107
0.66413060009235203
0.66402486036888564
0.66394703114587905
0.66380456118048248
0.66371764237719066
0.66358337424024239
0.66348552841786657
0.66327944767283165
0.66307350871326465
0.66304240375063772
0.66277474056354768
0.66283116009552590
0.66251712180960376
0.66237669576722680
0.66218402642315788
0.66196165113829408
0.66164143149751786
0.66138217997710624
0.66114772365630070
0.66586073671764034
0.66583413456707330
0.66581170510970689
0.66578579588946474
0.66574623115259590
0.66572993628178101
0.66569959270612089
0.66566615807999363
0.66564914148418297
0.66560870150411811
0.66557325854388760
0.66553416409788446
0.66549770948689768
0.66545766338229684
0.66542709585559257
0.66538264634656397
0.66534747918435833
0.66527839474536410
0.66525693662058116
0.66518808742808799
0.66515616357342888
0.66510082375233448
0.66503018487219712
0.66500998454624072
0.66492497813490137
0.66484859762391701
0.66482007866105675
0.66471679843318543
0.66462459992717182
0.66459546455442864
0.66453050400441771
0.66445098391569568
0.66430560056633403
0.66427517251382551
0.66412665085502354
0.66404604966234171
0.66398138714592414
0.66387405113495568
0.66379511074080189
0.66361349521325841
0.66345529438182083
0.66341573528090403
0.66322421956459965
0.66311615526662715
0.66300863199539295
0.66274523506570937
0.66260023411451896
0.66252619742563379
0.66225052142017837
0.66224831911199833
