0.66606131716152706
0.66604579853041868
0.66602018161918108
0.66598645092113529
0.66594932091823855
0.66591885035412779
0.66587275980391114
0.66584602876908927
0.66579321527038338
0.66574726361389625
0.66571021786693829
0.66564475112602861
0.66559883470584513
0.66550523223962665
0.66549270165988683
0.66542264571389342
0.66534876494904638
0.66526247355638812
0.66516560776697764
0.66507928620333412
0.66500113910481562
0.66486052940143958
0.66440562409987880
0.66452203562089007
0.66426285646140992
0.66426162440319869
0.66389158299843720
0.66351634795239223
0.66229825906466600
0.66178692159184038
0.66155071707650004
0.66025670158334704
0.65823200448279728
0.65447099094637318
0.64131677320434988
0.63723792414933356
0.61263193583243902
0.57149823094804886
0.49233079917766109
0.47662737741261796
0.35859962125569111
0.19992763889635179
7.3816481514824561E-003
-0.11238394525393991
-0.31760085075872446
-0.62499944085626558
-0.61848466527312884
-0.62364519296307064
-0.51613494339265698
-0.43062259630014288
0.66604682459122477
0.66601504231792408
0.66600963429425564
0.66596831326455219
0.66593679623925905
0.66590943491119581
0.66585759437842018
0.66583380425467809
0.66579514431846110
0.66573236284860859
0.66567573400914593
0.66561470384699650
0.66555737787083125
0.66552015945348741
0.66543149183133299
0.66538029657106745
0.66531075370135828
0.66520635701359321
0.66511888329705804
0.66508218664898033
0.66490190830242901
0.66465351999078159
0.66457480355837184
0.66441907737858630
0.66372993237329692
0.66352759541852557
0.66371896257840968
0.66209515158905763
0.66205071824153183
0.66205090707105185
0.66038040711370261
0.65693440088381982
0.65314338651541282
0.63549577755546705
0.63841125689761447
0.60588476730160601
0.55329584173516810
0.57052631784609797
0.45858313718766797
0.39063049845613351
0.25243788761412134
9.0375679536821352E-002
-0.14250745591734026
-0.33081569500565067
-0.55873622988363780
-0.58906389814598947
-0.55409399491440059
-0.48514358044270489
-0.26775849097875115
-3.8264118797940228E-002
0.66602626998879955
0.66601201976921298
0.66599227643133463
0.66595503991500571
0.66591362423664924
0.66586895115081646
0.66585298961311579
0.66578908238195389
0.66576441407143827
0.66564112309330525
0.66563870187550278
0.66559280405420718
0.66553965781651714
0.66548476373275056
0.66536066485045631
0.66531038447832169
0.66523528954461653
0.66512674765003466
0.66504594663072214
0.66495312207795876
0.66480924783462392
0.66467868583773149
0.66421546091199768
0.66428185097013537
0.66388103565561873
0.66260071044777202
0.66307423404891985
0.66174679618950283
0.66102065450314895
0.65775569728091476
0.64892893217527270
0.65560426968453733
0.64340040400893139
0.63219236832199477
0.62817257894722156
0.58234608972182689
0.53764397090635119
0.41118575100683064
0.37825161832317511
0.22718018582413457
-7.8417588359449786E-002
-0.24478381630792700
-0.17709760116060691
-0.45575998292899178
-0.56018229911379636
-0.61193537107907048
-0.40756776381028836
-0.17230585515086738
-0.27127781332950884
-0.16198146137577907
0.66603423374827408
0.66598539879306218
0.66596011212801653
0.66592592891708224
0.66589535088666096
0.66586598922509377
0.66582407835874724
0.66577437841317244
0.66574255985022668
0.66567963778141370
0.66558380870704947
0.66558176052702178
0.66551470927337775
0.66544491960664498
0.66540291491094961
0.66529846109859014
0.66517989917348574
0.66507267224373690
0.66488768820289201
0.66482296497607996
0.66473112303652515
0.66432654678542136
0.66403109444320296
0.66375964270021703
0.66399580740395026
0.66300336116443070
0.66333003432709670
0.66144711050698790
0.66077661594284520
0.65831331979091656
0.65294038222294948
0.64075843478596117
0.62767163548090688
0.61314049919519586
0.59301661329384703
0.54280622194119221
0.47513224613379756
0.36777781457175218
0.32539176504703837
0.18458564238727748
-0.17563195068879556
-0.24307300979754398
-0.45270120191096019
-0.57277741480170397
-0.51476164067030794
-0.43918698328806749
-0.28986484787491862
-0.27411558827969773
-0.20914269368037264
3.3787238365732497E-002
0.66602626357146733
0.66597529684774470
0.66595705193428101
0.66591313721973633
0.66588485821247367
0.66584885986018350
0.66578963720861795
0.66574590441755777
0.66571353646138998
0.66563836041552771
0.66558995051372283
0.66552271042442135
0.66548130516882509
0.66537416287237261
0.66490075748778898
0.66523335794631577
0.66514749392182015
0.66500799494574214
0.66489135074835914
0.66475465538831835
0.66440641648698029
0.66425913678010706
0.66427793257947609
0.66352334762606091
0.66213289125735919
0.66254643892687759
0.66185031750405121
0.65967555838533620
0.65641642687977275
0.65576890837893498
0.64480021166771406
0.63069364321924626
0.62642860969206837
0.62186943721005339
0.54487895874325387
0.52703349340839178
0.40616721749164963
0.25902602172937450
5.2174860266188672E-003
5.4104475209690861E-003
-0.28283972827012449
-0.47238466479712282
-0.53513177638697029
-0.54823850912931427
-0.46374311457076844
-0.36295848523848551
-0.32155200095318670
-6.1964776897420082E-002
1.6228749070620663E-002
6.7233472137925965E-002
0.66600559227905076
0.66596700222748606
0.66593701349231504
0.66588623983139239
0.66584959814910771
0.66581462427302474
0.66577546312092528
0.66572029220967388
0.66567695516081027
0.66561964427860210
0.66554431418146631
0.66548606732211024
0.66540638548982867
0.66526664536116975
0.66518433455673676
0.66513192888657890
0.66494761331087959
0.66490999615053159
0.66479475654816689
0.66459968253814727
0.66423011019624800
0.66414731229427959
0.66347514679108066
0.66364731733445614
0.66294921845016419
0.66251115364759094
0.65860302200417564
0.65126248885191829
0.65126777763711408
0.64513022937211084
0.62329317754014513
0.62991779970725814
0.59931237126515013
0.53784867492486077
0.46309065372856795
0.38355301675486997
0.33640803660702912
0.17229523615838127
-6.5926178663687773E-002
-0.31931821299359076
-0.44370787702030334
-0.48194254529348601
-0.49870263577646012
-0.27474561051243995
-0.13920406386090778
-7.3016724952773560E-002
3.5205162890187269E-002
3.8870038964204046E-002
0.23734925423410258
0.19711987477295734
0.66597195095678785
0.66595664141317346
0.66591556728610501
0.66588827885504764
0.66581519790108734
0.66579230509023557
0.66576558822603749
0.66568501936639057
0.66565734862602843
0.66556863178927128
0.66548263671198782
0.66545095116350228
0.66537149306320065
0.66527882679717099
0.66522272518128311
0.66506496438081586
0.66496097456739267
0.66475261795460128
0.66470745018753163
0.66452815591580938
0.66394831486865746
0.66384216690846287
0.66357935589772843
0.66043354833234624
0.65790911865107349
0.65953004963847284
0.65730526531402322
0.65555184612211970
0.64572962617018070
0.64112265239256616
0.61269288692191159
0.60721453291639482
0.55531365984173719
0.45801337319093027
0.34123680797490119
0.41575780297255449
0.11821100460553491
-0.10893427370513287
-0.16835218081539138
-0.31430247261610411
-0.43096529391542182
-0.39647729198845139
-0.42051651093319231
-0.21471864483111247
-0.10644882251032306
-3.5632615320480454E-002
0.12182661889748481
3.7765588788949644E-002
0.19572956401597397
0.13585206993865151
0.66596875698279145
0.66594849229964781
0.66589582272143188
0.66585932994373065
0.66583027899156488
0.66576572551962188
0.66572867711946271
0.66565748211201181
0.66558414298503310
0.66554217255304404
0.66548515576408807
0.66537354157392981
0.66532348086043824
0.66518537778494535
0.66505914701025159
0.66498920900263636
0.66475508077989809
0.66468175995264067
0.66424582139449873
0.66419016932653219
0.66361281610431577
0.66295035922666412
0.66217611393405118
0.66068171003156140
0.65738384224527180
0.65424524151506658
0.65800466003621771
0.65175039974802051
0.64527855496595943
0.61011884433829622
0.60857064013820938
0.55535817367575957
0.50653546226710244
0.37255795931645586
0.29798876797207008
0.11794128153411099
-8.4786907652970589E-002
-0.27111205647662384
-0.30052319216796541
-0.39753697025820722
-0.41165987274316596
-0.36494593561060551
-0.37254186276624290
-9.7013888691712458E-002
-0.10007971275345140
0.18599480125404166
0.15572665019211718
9.4229298091304425E-002
0.25070973906088756
0.22609965417101441
0.66594022162722910
0.66590256795784741
0.66587483124783187
0.66584168061980109
0.66577921565343534
0.66571944226356938
0.66566868086842379
0.66559459510216357
0.66552520291676542
0.66545465502550671
0.66537390401817298
0.66531673208715425
0.66523722980386424
0.66514712439922064
0.66481429233032630
0.66464308082273016
0.66471863556873034
0.66425859865263504
0.66424065770217877
0.66364099217271122
0.66320646628291591
0.66278271370892372
0.66223523313397059
0.65971453333877561
0.65830327332649241
0.65197111106156092
0.65527660119017139
0.63002438234479152
0.63560509588418390
0.59813708103044871
0.53796453674917211
0.47863270463308594
0.39128986826398771
0.36614771359526566
9.1790829270327778E-002
-2.6388426763610751E-002
-0.11293111042147697
-0.34090045747521236
-0.36626997724379518
-0.38817091705076057
-0.33117834880773800
-0.24470665375563572
-2.1196729507651391E-002
2.5860314217836300E-002
-4.0173969777530516E-003
0.15303099335705517
0.26169380621447480
0.24792426599710959
0.24016445079739179
0.28892006534619041
0.66592950002556217
0.66586692846794970
0.66584494064048827
0.66580762084141276
0.66573909479303817
0.66567478962720550
0.66562922562807558
0.66557766465143564
0.66548839419030947
0.66543043403344737
0.66529689921366708
0.66521634156100373
0.66515663843340311
0.66497304805395652
0.66459652613525777
0.66446474226954433
0.66482300714300335
0.66383809751305001
0.66395700762067289
0.66324429978292454
0.66164568981591676
0.65971458359396884
0.66110456118752392
0.65525253909608616
0.65455901852118015
0.64219774501558013
0.63951834616645953
0.62933863696627312
0.59734810990437870
0.54005945346901940
0.48429776868426988
0.37426324221837071
0.22828113067557998
0.14825416738057839
-4.4711520877998234E-002
-0.12165023727666058
-0.30046411615312985
-0.32090785771193286
-0.32403525008632483
-0.14546622891940464
-8.6242694305692646E-002
-0.13914686296788914
-1.3334658715856262E-002
9.7731800502847355E-002
0.15828048372891779
9.5782340939813304E-002
0.19325028811228029
0.21735793417908789
0.25751011454559203
0.29274005670536063
0.66588797605612959
0.66584782689552413
0.66582343802417987
0.66573938408911904
0.66565456673445267
0.66565334750977123
0.66556545302637804
0.66547398684785120
0.66546574999511443
0.66538219820269240
0.66523175877858542
0.66476417221345840
0.66500553966031251
0.66458949064921691
0.66463151421154465
0.66450047697776349
0.66421702522532078
0.66434307178440055
0.66437634187183581
0.66248280109742130
0.65990955354608594
0.65762345625609497
0.65264226424262950
0.64930878402279624
0.63866769011905311
0.63222761430168128
0.60029190933520526
0.58454217151139032
0.56293024222253274
0.51216855998729816
0.41077361761640474
0.28150554388663407
0.16053238089561306
-6.9905624547246248E-003
-8.1704454275335792E-002
-0.18550111243336387
-0.25831252443496688
-0.16039162706837140
-0.10603002552616458
-0.12187009974595342
5.4600068129355583E-002
2.3965815225817089E-003
5.9857575508994509E-002
0.21861928240307549
0.21407343061398865
0.17516168404206944
0.24158189556432186
0.29607709550668915
0.27578732771452474
0.29146683044585608
0.66584552634490168
0.66582797645915504
0.66577143649744630
0.66570977804734599
0.66568130856324870
0.66558674772326643
0.66551485733709348
0.66526781956990799
0.66532644459748203
0.66527325958204730
0.66501580759473922
0.66500038517992088
0.66477549434508376
0.66434567427270297
0.66431057406997618
0.66428889539896196
0.66296253311250575
0.66299528381746020
0.66186957924676748
0.66082490115490256
0.65641497281057060
0.65779607290840891
0.65397379659592869
0.64503011018614553
0.63456531853363907
0.61421575095342074
0.59540762634179134
0.56352154416602762
0.48130493602335012
0.43968047948555600
0.27118719650444889
0.11863955410967941
4.7304920221426960E-002
-7.0823007259020576E-002
-0.16058442286744712
-0.21818571404726739
-0.17383107873417369
-0.11773458888726185
-3.9316717217932950E-002
1.7169092099205141E-002
5.7673238343289412E-002
0.11181996225389956
0.15112062409272620
0.19681584932335716
0.29189343539035584
0.28438896513326029
0.27362670233121922
0.28493080291656514
0.28072674469363323
0.29899837900323400
0.66580160162704849
0.66576569086728288
0.66569610747640284
0.66565043301871041
0.66555077589500433
0.66549251136766596
0.66538346480500432
0.66529602374393115
0.66522395839815451
0.66508124553069803
0.66494283727311876
0.66480032446197623
0.66467224169052919
0.66431077144405259
0.66409007404173004
0.66370193090456509
0.66311371963201182
0.66235951041984342
0.66074907245192938
0.65822086143059799
0.65218624110901957
0.65077105203165841
0.63892364642127808
0.62468512138842514
0.61483041208889322
0.57515109532429742
0.53613434520296233
0.48901076944398814
0.40735795205881054
0.30851929439912829
0.13640474942469683
8.3627154914218349E-002
-7.9628420238713193E-002
-0.12771617608195984
-0.15425619029859017
-0.17016376491694940
-5.4622820418233076E-002
-3.3104586702290995E-002
2.0050732278948713E-002
0.11310678826923204
0.13382004472631726
0.14202703174286402
0.24004256326583362
0.24159720830997278
0.28036228999495771
0.27272735646163682
0.26803472829990149
0.30341732285304890
0.31603829621778889
0.30312493214257052
0.66575173329891091
0.66569675044242493
0.66570647770156111
0.66557652505507758
0.66548276991374000
0.66540882908287147
0.66537416167528773
0.66511128691741339
0.66503185018811872
0.66474082645545329
0.66480778099552817
0.66453741005354405
0.66439305727769349
0.66433902013215862
0.66358484629596803
0.66209104634836735
0.66188235037460719
0.65917435287057291
0.66000219243923675
0.65529209539341271
0.64909654931671978
0.64123757074494925
0.63132112227029391
0.61561197423295033
0.57547597665941896
0.53521335995811126
0.46069380819374040
0.38312606661037230
0.30969217822443718
0.18836080400586463
4.1804526295960875E-002
-4.1872124437707381E-002
-8.7324023681234042E-002
-8.9952210569861579E-002
-9.3082816378336819E-002
-2.0879843861515868E-002
-4.0545457576647514E-002
6.8395090551757187E-002
7.1642645990290577E-002
0.11550786284264125
0.18286750390520523
0.20910828568944795
0.23999475831403960
0.26558567078541173
0.26082034855584590
0.27696913985809168
0.28543915633786454
0.29650175542568258
0.29384639477211871
0.30284996059435776
0.66564453125242895
0.66562812174698582
0.66557045861299780
0.66550539655810170
0.66539575138822249
0.66518526817816526
0.66517489196151813
0.66508719085479540
0.66491840750202158
0.66461012582621959
0.66445780687879608
0.66405610988533770
0.66404084963147469
0.66327931118157213
0.66250152023854492
0.66140514045275811
0.66035435931269582
0.65650011492954974
0.65834085664212549
0.65146085433223555
0.64036508400689940
0.62304336638198787
0.61867468036329354
0.57510132550951232
0.53478363574576138
0.48379943002285464
0.42215420286814553
0.35764738722550382
0.21892756689641502
0.13864503865392419
1.8774937364174127E-002
-3.5149202369575416E-002
-4.0933460471108907E-002
-2.4745947826110060E-002
-1.0984447882270487E-002
9.3764124876363542E-002
9.7894361547728570E-002
0.14431219867610456
0.16672757466788612
0.25081798273747391
0.19398222694966905
0.23998499828258368
0.24710533431698767
0.25015693037314413
0.28835980085511970
0.27982090340880139
0.30054586284821239
0.31260851084312113
0.30898269135639556
0.30742561183006256
0.66559119743561879
0.66555872323924326
0.66547694442277538
0.66542471668005387
0.66530014276891780
0.66514273259899570
0.66495980102732655
0.66469732067137488
0.66465859522396264
0.66432427761166790
0.66419469141144005
0.66396227893217552
0.66259561996830663
0.66220587417020060
0.65975779202669704
0.65963610949429230
0.65612410396381826
0.65171338271951629
0.64909692353909298
0.64354791728890270
0.62158093985662011
0.60317660027332476
0.58257233323506474
0.52162160123275747
0.46550375755290330
0.42707084005177454
0.33513680296331150
0.25812117341692453
0.17216077344755421
9.5449530038643760E-002
3.1459868808132563E-002
1.3609098660880781E-002
4.1621199781757823E-002
3.8179223436637266E-002
8.4760196735716331E-002
0.12316762859249220
0.15111357028456274
0.16011666416337977
0.21767389844756735
0.19764074048020530
0.22719850159221699
0.25047379569382988
0.27204616875393572
0.30020521915779286
0.30371007727506860
0.30253937469392111
0.30836822440920320
0.29533615732814489
0.30031438993657733
0.29555410637057444
0.66553416549514632
0.66542063506013349
0.66535762171355961
0.66526651710889995
0.66518042659243182
0.66504119820910046
0.66465826833956820
0.66447225755488459
0.66430208725051487
0.66391360002833411
0.66366295503015404
0.66247096998964650
0.66158207533972346
0.66053738825723785
0.65972244383944467
0.65736498809070509
0.65246539751786359
0.64479805420125080
0.63340019651574386
0.62387848527585221
0.59970746799206476
0.55794734906683119
0.53995074115712360
0.49428508915116753
0.41976821816582821
0.35472239163457941
0.26492029850296750
0.20489285269475399
0.11518071619845294
9.3965649295470688E-002
6.5884867505725753E-002
7.3579221676192352E-002
8.9612796922572624E-002
0.10759637364460928
0.14124128869470898
0.21715705087928305
0.19909241556119373
0.23213067059252224
0.26531425828420341
0.27728021065813124
0.24650174743643893
0.25132940678638238
0.28432351696586378
0.28908963127178611
0.30069832679939013
0.30276637598052281
0.30712474141315993
0.30160681494403108
0.31173292994373958
0.31473681472039849
0.66539938247069341
0.66526257587339854
0.66513899987034675
0.66487662326370978
0.66485662121799272
0.66445632143361144
0.66430312321919605
0.66418953589233931
0.66321839313148945
0.66297291002184722
0.66274979966377379
0.66186985564336975
0.66091187038833776
0.65901977359928354
0.65380495632533608
0.65050995518308086
0.64538647539606753
0.64300453667868052
0.62273634188585902
0.59734228395839239
0.57764526214356704
0.52346913830712571
0.48135611983412574
0.45598002126592585
0.38878585368192597
0.31088671399221979
0.28666056764568371
0.19945701593475296
0.15674134918542382
0.13832748655549498
0.12753115260230297
0.14332019888710668
0.15230009829983382
0.14783548946373060
0.18269677926058869
0.19923712501083213
0.22701832244084597
0.19070776198401118
0.23991963315137144
0.28803408253680640
0.27638464167564403
0.29488824242471945
0.29296713509209982
0.29796786416724252
0.29949558888367178
0.30883022137325600
0.30181319184715727
0.31660979335242434
0.31694950501755192
0.32239954335498400
0.66521661520334985
0.66509745663907338
0.66494662449638275
0.66465397793991432
0.66457363627527311
0.66423700597228141
0.66406315191892606
0.66306297996436814
0.66280972520201087
0.66096333884673764
0.66179767208358342
0.65940398321353255
0.65878871126990179
0.65225557636461917
0.65114354519142370
0.64014779663816745
0.63062655257760247
0.62883170645384223
0.60030134686539460
0.58116971447048527
0.53949187107375329
0.50170393670953328
0.46553401317833898
0.40189762665778306
0.34016890946393330
0.29799430839584429
0.24885438131042170
0.19723846462568762
0.19137106811892801
0.17193155090253132
0.18796592490947917
0.20529347561198186
0.19104175663170486
0.19816177878321117
0.20997316614545358
0.22803917555000308
0.22572217115826121
0.28021974344089395
0.27799723431262335
0.29248433473262914
0.29313110179406743
0.29551730335881465
0.27400271479108740
0.29210136815456467
0.30589191697262585
0.30668968753230696
0.29738274712999591
0.31135986340978328
0.32031742421237042
0.31403176687799439
0.66504616801115279
0.66490438293080323
0.66478834284676402
0.66450686031960016
0.66419907874574269
0.66418890704719724
0.66272694753526162
0.66238889254239086
0.66102533788625695
0.66075962720024795
0.65946269146189584
0.65637927732412005
0.65307218035252435
0.64887737138483981
0.64000618326317971
0.63423276306531284
0.62313699879476103
0.60089641035114916
0.58796346161887880
0.56372930677283595
0.52260265817152374
0.47877896644720863
0.45500607344801880
0.39807974437160853
0.34547773239012525
0.30486481550963351
0.25408511954500856
0.24998155078477979
0.22795223546757593
0.22109630236108113
0.21171421025580195
0.22997707044242521
0.22126519471719153
0.23250662049516169
0.25127251184224564
0.24903235897225362
0.27134696294466809
0.26962106197350766
0.27456347455658103
0.28193406535208165
0.30072279750828912
0.28762151593602903
0.30718386052589053
0.30531080102292552
0.31032091298212117
0.30631933608522000
0.31851930046591925
0.31279224075372802
0.31334882778233608
0.31945666828164221
0.66471926877538523
0.66459098459484545
0.66413596685577192
0.66372025291791092
0.66341184729414948
0.66286732868093134
0.66243844621804981
0.66123403708566975
0.66022957513621860
0.65828990128485620
0.65510145683722021
0.65107239645835180
0.64882584881794814
0.64266137595784745
0.63977306510511855
0.62484728881224094
0.61145581281580663
0.59419922359707189
0.56328542762753142
0.54366699141660235
0.50759786143887364
0.47127760807786379
0.43587464187955416
0.39484285768331329
0.34557970344734334
0.33123179898629151
0.30399301337489726
0.27241252726294241
0.25968115822155435
0.25199555043066346
0.26309482280213126
0.25600583478698113
0.26558058103160276
0.26268893941437188
0.27012939188476526
0.26623573229843545
0.29012740537318038
0.29680721350241879
0.27978774633307790
0.28625769900171250
0.29436424151226415
0.30610205889796760
0.30043780681261556
0.30347596449762404
0.31558822308506362
0.31135958021172283
0.32023635693760977
0.32472679198238119
0.32334551565583081
0.32544435569119656
0.66428916954967354
0.66388559726396978
0.66368026084795662
0.66355114182411068
0.66235089345194709
0.66182634441452881
0.66078014975116151
0.66017663210532396
0.65838822499852645
0.65541979482228108
0.65201479044752009
0.64888928194463258
0.64258497490889310
0.63785013746407704
0.62467725976980537
0.61660731276025749
0.59794689640345444
0.57542738322979448
0.55990417916073298
0.53533977437554736
0.51428776722691349
0.48672840895050906
0.45267911899846791
0.39668030824751710
0.38356151245328540
0.35499196901810703
0.33600085318235295
0.31906225131272947
0.30474353732945225
0.28369380306521652
0.27601023922158752
0.27946253602679472
0.28772697860057195
0.27983987612747119
0.29470603645740867
0.28634621811032335
0.28998533987615605
0.29600600681347733
0.30068237564608202
0.30102876964670111
0.30568934325214892
0.31100824491428847
0.31167048521243412
0.30614237118174592
0.30870435699951071
0.32128688090821189
0.31739340587264131
0.31320637902269544
0.31466664316596848
0.32097310859428974
0.66390694949829432
0.66329835729088416
0.66263559368540470
0.66282955954849210
0.66175526136043084
0.66025967229025428
0.65942850084916171
0.65815795495743457
0.65577644587458805
0.65316129839004522
0.65127404611426210
0.64455456176722037
0.63941394789108241
0.63278777986619517
0.62303033614819880
0.61412061874551982
0.59827125041628537
0.58722147112730783
0.56778066743439148
0.54443390273287373
0.52809134982923411
0.48843034597256552
0.46308383076352955
0.43532934308927218
0.41708406591265623
0.38621453298515906
0.36897962400366802
0.35851820962650904
0.33755441885172022
0.32907784533868023
0.31297915758200678
0.30815818763572411
0.30875674916184226
0.30571923693489600
0.30965021748767829
0.31161710893766259
0.30125253512173655
0.30252451699078564
0.30125499130985667
0.30517696514554538
0.30306332313142081
0.31727051420060515
0.31182107792685665
0.32025574248892663
0.31073789204513602
0.31445664550505525
0.32415499614916776
0.31826683245072529
0.32082374165914451
0.32365859587515911
0.66309183980048247
0.66301516104363967
0.66229559217860956
0.66156388601550398
0.66062550644109341
0.65966665341246400
0.65833368709849105
0.65583988382450142
0.65373063084432470
0.64933394301212810
0.64713132793097938
0.64325811889400364
0.63818082264914988
0.63100832892461467
0.62287423673656972
0.61400414751580645
0.59677942479922619
0.58402057688713627
0.57200885982397121
0.55181301965257568
0.52835618670046214
0.50680909944989971
0.47783551174740302
0.46766706361195165
0.43596724879261195
0.41927463378493646
0.40766008463029213
0.38968466015481862
0.37206567841193083
0.35384519702391370
0.34951972096211437
0.34248620147351938
0.33152339725498825
0.32805878649767573
0.32054179699294916
0.32338989209662783
0.31470815218089809
0.31828384785257324
0.31506903758732374
0.31987522528368029
0.31621006345859803
0.32352581846010819
0.31748016450632344
0.31855131241035706
0.32019925054081921
0.32956637256143317
0.33044183466381005
0.32827811920780747
0.32474366144873112
0.31929203172284737
0.66273836559710475
0.66230958340619583
0.66129819602655870
0.66019311522570745
0.65999987638775570
0.65823892667097472
0.65713836719916663
0.65478366304170343
0.65220991028943409
0.65057556300035180
0.64851874812068855
0.64333872555847249
0.63869672947422473
0.63332462764066144
0.62448163962744074
0.61530154451325125
0.60544865885283317
0.59364112446672568
0.58315033315655329
0.56728988282681381
0.54835655492969182
0.52746000925333514
0.51336202520835084
0.49117153309067474
0.47477730690434894
0.45932375931528913
0.43006486748507022
0.41896457111195728
0.40881957396935242
0.38675958312294578
0.37447973955708846
0.36230145366481614
0.35944207603647793
0.34900264374471546
0.35163307934658850
0.33133268885395406
0.33480812585617203
0.33381077770853440
0.32544873700594068
0.32838660305039702
0.32721098672925131
0.32600757970355398
0.33326412906107394
0.32283810098031340
0.32759878903723583
0.33167608633296797
0.33423555033041263
0.33331930293684597
0.32844098858383775
0.32870855796356846
0.66240090503356863
0.66165339675147816
0.66148602236957266
0.66030648725756214
0.65917682509346509
0.65813167010622609
0.65677561068627455
0.65469552095194983
0.65332121804219534
0.65166013920678534
0.64789654660826224
0.64325715941192141
0.63831541206048015
0.63409296343084076
0.63013984596152461
0.61955873529648253
0.61170388043396107
0.60597489008411376
0.59618929424222467
0.57904911064828712
0.56896543378508113
0.55574926160943905
0.53302548583499032
0.51715102180637562
0.50616926575643806
0.48398748689812121
0.46885440247409560
0.45462707157663307
0.44321837330071001
0.41841386280687998
0.40942833035303705
0.39425726338805522
0.38767072812932057
0.37440650320153335
0.36243621557984818
0.36379359787491727
0.35646842484808550
0.35021320912637366
0.34934242682203598
0.34389900009871432
0.34156095419748667
0.33941216547111663
0.33704803633632219
0.33621664125885597
0.33533453136846714
0.33687819117693918
0.33501216749118012
0.34144582042370442
0.33665880112415048
0.33661406012933448
0.66204827673412991
0.66165797890062461
0.66123749853852665
0.66028459317498656
0.65926063494326959
0.65811350114273504
0.65696663457741700
0.65593059844993118
0.65324760921650826
0.65178657502118664
0.64907616963911974
0.64649220351061487
0.64321368886374142
0.63899105245285426
0.63397637283842811
0.62870675095743511
0.62012008945394748
0.61495647460563951
0.60664872043429585
0.59634324679325501
0.58351300384382476
0.57183845673287348
0.55232636640930344
0.54532266777292326
0.53535609139865448
0.51916115415092168
0.50064393642381944
0.48409968829876127
0.46902913919302069
0.45552754267243412
0.43827642458354887
0.42705131932500850
0.41725396577336160
0.40519045152373290
0.39667018893615003
0.38458055225629340
0.38514339853672042
0.36896423231820841
0.36874631079628106
0.35971109466919104
0.36036738679804259
0.35120242140659075
0.35684945084821773
0.34390302177396903
0.34736521161492018
0.34282166983358342
0.34541646910718959
0.34199406039366942
0.34384742336871177
0.34640466859596464
0.66214418094779726
0.66178330348857017
0.66103678942922572
0.66044771814029790
0.65972000888688054
0.65864079843277878
0.65720392377690384
0.65608184449732998
0.65425497808387090
0.65341678911069545
0.65196496574523000
0.64901782580118150
0.64522659384893088
0.64203203374474027
0.63873552101251763
0.63360790004191281
0.62773362429936674
0.62496951370781129
0.61520107262881607
0.60833181942905923
0.60235439327880158
0.59136811467428496
0.58181320180511520
0.56838473454134375
0.55496152884558314
0.54091730654910664
0.53268556756811214
0.51793122917279222
0.50340797858772901
0.48902436918338610
0.47378358978913127
0.46087184330564746
0.45062688085441460
0.43254452321365744
0.42329092042815841
0.41459634507815157
0.40796133417362423
0.39642622718481468
0.38906708460686468
0.37825383850540806
0.37681469371861454
0.37188191246245272
0.36790142734595621
0.36003887087822650
0.35557255566178148
0.35441938685098184
0.35319748136827045
0.34844662771328527
0.34784579613782995
0.34519194271823528
0.66237487839599063
0.66179668994174812
0.66138909315795602
0.66095869574273225
0.66034144345217538
0.65945694028109902
0.65834807249405558
0.65758622711455450
0.65658540499823537
0.65537820256159940
0.65267898198335605
0.65088775916944375
0.64831022876611932
0.64556151022364749
0.64150441405142389
0.63924792726578805
0.63576524782222088
0.63290353901224194
0.62711376442807132
0.62060208990069388
0.61432552416511232
0.60678108966785971
0.60014620070923108
0.58822566606524451
0.57723292063609255
0.56858830055761156
0.55715697521320906
0.54546912173867390
0.53526454279966085
0.51484531994797456
0.50861471122970392
0.50049107754778710
0.48296736751784808
0.46923680422281577
0.45891668697551191
0.44480135479354455
0.43676953019863007
0.42554449068251665
0.41440970893135609
0.40502898722909608
0.40102353567291560
0.39358212245782309
0.38752919215586923
0.38020090230074255
0.37910515230581243
0.37463403884721802
0.36981868175139143
0.36404715367444163
0.36374846342757372
0.36068764913006102
0.66235091424307280
0.66228110965738962
0.66157905832654507
0.66101773205190528
0.66057269136809182
0.66049370229596482
0.65907392057589786
0.65861088990227512
0.65804210988579392
0.65643339269355772
0.65560384054308884
0.65388268919948445
0.65224529586056945
0.64974199737177207
0.64901517683594889
0.64502659258548201
0.64297349493397005
0.63884702046680886
0.63427044546453393
0.62959102353538565
0.62571308567251815
0.61750254296627327
0.61236213389042549
0.60405514589787224
0.59827811021743815
0.59195021129523639
0.58229836076508312
0.57302162729567985
0.56109786617308899
0.55212649298822880
0.53353654115550175
0.52173573826184638
0.51538087530084475
0.50322475133892408
0.48921676123836522
0.47906687286028282
0.47087380623071384
0.45680853953730394
0.44958033295197641
0.44009248790556221
0.42914554626195756
0.42052018689442472
0.40902488685122884
0.40082889146871747
0.39821004952044448
0.39212456837722665
0.38769957691894230
0.38312635120091154
0.37463122459807707
0.37582559137741800
0.66274034674192972
0.66256115852054620
0.66216726767719791
0.66189019631539958
0.66127907505597738
0.66084441570404584
0.66036525934231016
0.65985933272890285
0.65881681741909170
0.65780077349021093
0.65732541760487073
0.65580428011224967
0.65491045931961778
0.65318059670578466
0.65119619177499088
0.64892391924192738
0.64687140592834724
0.64389932229944336
0.64213971304284789
0.63910490287083177
0.63324007564821505
0.63113935799725085
0.62585856039393528
0.61862685898587821
0.61283625534772501
0.60470028383486940
0.59819536514891780
0.59409025221512302
0.58330722776390043
0.57330772657988494
0.56450534455997803
0.55688785693613041
0.54530476109302295
0.53128162703197723
0.51930839590640610
0.50829742557240543
0.49799767902569603
0.48650126443975261
0.47845866600421671
0.47207890724407375
0.45856093704017120
0.45119141521615258
0.44037482153220464
0.42990094767384734
0.42666433154165839
0.41896884598178474
0.41212494764723773
0.40411039056062859
0.39900556888841010
0.39236494691558932
0.66313731693866484
0.66298706811402686
0.66271781483800996
0.66210152782164022
0.66192891888884109
0.66162836629893151
0.66114366129997382
0.66028746850749309
0.65994780734614977
0.65927225914273513
0.65837997226168510
0.65756172447778383
0.65598043806537920
0.65512213466532732
0.65427784500805153
0.65289650766036700
0.65130598621533409
0.64903894127092165
0.64744507461003231
0.64489298421259367
0.64222041446179179
0.63783387127944191
0.63584672120773178
0.63092629100959219
0.62834123344083681
0.61976838342769791
0.61429892715708090
0.61019084336706042
0.60310246492570263
0.59696397156389558
0.58943292107841672
0.57745458178530162
0.56996289304129721
0.56142379491614713
0.55296899896794538
0.54381755549477107
0.53264319210011879
0.52548830801970681
0.51024082196289777
0.50165758570411567
0.49053230634810085
0.48019367073399044
0.47311589823917766
0.46172271146797716
0.45480536574240971
0.44830315460929038
0.43064504486032373
0.42849046755106235
0.42437019028038359
0.41533727257805431
0.66358658082314403
0.66327276431158066
0.66316784688400698
0.66278019879540451
0.66240697603337750
0.66211207983072295
0.66170253705560367
0.66130205176418699
0.66079785511951949
0.66025192986859804
0.65952370160827067
0.65907683750279888
0.65841661928876727
0.65776614618451723
0.65613105043684061
0.65501701777794585
0.65413176611557389
0.65291834249573411
0.65103658208561532
0.64981248561661531
0.64758154038427085
0.64486971763582313
0.64259029068874618
0.64069265526195984
0.63528910396817018
0.63375510029993487
0.62638433647073599
0.62382065528987285
0.61857067066394089
0.61205678386889528
0.60758552680219924
0.60145118249398632
0.59403233392374233
0.58564247255089341
0.57604224175122631
0.56925461910045927
0.56009934117924054
0.55311755657390993
0.54490806030580885
0.53100320219686192
0.52236209440468384
0.51314426356201637
0.50507372639352666
0.49731342145925062
0.48229038058174722
0.47931790505573368
0.46743941780005949
0.45619944404695101
0.45146200168947392
0.44335281676123761
0.66378041449692349
0.66345908521611840
0.66338651677888671
0.66321189806937131
0.66292913023763389
0.66257970037005598
0.66256290439142496
0.66197229592648976
0.66160116731090124
0.66104102005561938
0.66094525892062927
0.66022869659680938
0.65960331128305860
0.65892634921658555
0.65829665514136559
0.65717587814471612
0.65696434029856066
0.65536821778527288
0.65433551770254472
0.65342974798530462
0.65141933285062237
0.65020224287768502
0.64750895890267868
0.64559203868694470
0.64269303133505384
0.64067101193214726
0.63994070942288128
0.63572943885748867
0.63071570654274334
0.62569692458632420
0.62186285958785903
0.61516336281836748
0.61277117129303260
0.60566494815547522
0.59749989325087438
0.59275870404717157
0.58329677311813488
0.58045672692370287
0.57106900769637314
0.56120320866920048
0.55551819833193061
0.54515498371298299
0.53366515571069195
0.52576161770203289
0.51486186973493342
0.50743372569411260
0.49773632926353828
0.48520465044491168
0.48186985269950777
0.47052008206216567
0.66408698280116429
0.66400536832166135
0.66375324165917893
0.66363125780943699
0.66334805539506925
0.66309543075169564
0.66294663145506549
0.66268803185215663
0.66227470466322091
0.66203386588660518
0.66179432848316910
0.66133834279407622
0.66077725016280353
0.66024618412603142
0.65976164843752394
0.65900696395481151
0.65813987382633465
0.65817264074312432
0.65696418476694296
0.65581868414465760
0.65472324142092631
0.65364213363617507
0.65195267683552638
0.65092803598800475
0.64947711365844218
0.64609354046352063
0.64563879382602829
0.64253202056241454
0.63941330235909999
0.63719452057657111
0.63293644181731368
0.62891465704109861
0.62717037283974464
0.62096092716818740
0.61794166230815795
0.61229173907898893
0.60476324964573736
0.60057176187037320
0.59451416484733310
0.58618275989771673
0.57906590085399667
0.57463398795221976
0.56416256585003888
0.55363205255631587
0.54578750927035902
0.53703881620004501
0.52869291076409386
0.52178827817850326
0.50987619377355964
0.50676495958466072
0.66435139079596262
0.66416938130794123
0.66407961066402588
0.66396044555077915
0.66377872873197663
0.66347968781610622
0.66340684181027521
0.66313978890438841
0.66295379315460301
0.66252751715731617
0.66245622556578532
0.66212218931390698
0.66182804562684838
0.66145522952766367
0.66091781715842945
0.66035565792837503
0.65991289187786228
0.65934318845379136
0.65872949916550749
0.65843294375396466
0.65713200141857597
0.65624508813757632
0.65521582624154950
0.65393523888254601
0.65311116634875943
0.65229866442936013
0.65078085260402507
0.64794064685031061
0.64682541269600891
0.64447088865859459
0.64188182554946471
0.64084515200650616
0.63619664238336826
0.63251345648169044
0.63064107794115132
0.62662055560643271
0.62088561233712181
0.61649388953867745
0.61137595077058937
0.60808575430692946
0.60067985073497310
0.59446742019281440
0.58685155025350666
0.58092802864923043
0.57435484164614437
0.56579154681676336
0.55911828613807191
0.55252737273441266
0.54644292791201521
0.53106176805203420
0.66455121283524798
0.66443608251716535
0.66433393753649761
0.66424283746102208
0.66405556533102050
0.66387843021327808
0.66361553571354825
0.66360557633864370
0.66338228915724740
0.66308177843628469
0.66303934182175772
0.66263735726587270
0.66248134240029943
0.66221374526837917
0.66179497226913220
0.66155368257652891
0.66108990020625091
0.66061941658687107
0.66019096095629148
0.65948735519962043
0.65886101918394280
0.65826835335609712
0.65788078990558452
0.65630359294721174
0.65602151418917432
0.65523869413579616
0.65402146043591558
0.65301986533387912
0.65206425093179909
0.64964359336852695
0.64859073393670585
0.64520398212618568
0.64383957198400343
0.64219834293444711
0.63779559828731403
0.63630626727125716
0.63285606075835188
0.63059241000181299
0.62610873069708872
0.62194521689281190
0.61514173800943883
0.61235558761639441
0.60852742763715129
0.60436600599609824
0.59568542264902158
0.58835268391923778
0.58149634167932873
0.57431906994160520
0.57059624750525284
0.56401215580319364
0.66474232300411651
0.66470150062095068
0.66461262651508335
0.66451427285710851
0.66441126676760098
0.66420123152541444
0.66409191440585114
0.66398494281693421
0.66384109035081296
0.66362403819812332
0.66341054466268368
0.66328449027022585
0.66299574475887879
0.66272423218444709
0.66237869530618410
0.66210914666779286
0.66181267536015786
0.66146514222669195
0.66113870542935316
0.66096996657159357
0.66046529862693182
0.65988019139261822
0.65969656441974589
0.65840362303581745
0.65782221418407061
0.65761725803337145
0.65700067143497964
0.65559703048177720
0.65450512127396199
0.65358092080118890
0.65174361279886317
0.65141033739227283
0.64896135343937122
0.64795917651365431
0.64572726829839011
0.64466420890446086
0.64103855793819542
0.63866001833851338
0.63779832723187291
0.63457075714264877
0.63106633737803419
0.62701772422500535
0.62249816990729512
0.62005056860644836
0.61480718205937490
0.60822632003042953
0.60349211339352060
0.60018298997393416
0.59202043693104889
0.58522518655788547
0.66499757696062023
0.66492299107168662
0.66478619927507276
0.66469323652973644
0.66462354978576532
0.66447453435374104
0.66442594143335798
0.66428576324898536
0.66413320254134089
0.66397334011622777
0.66390145386524035
0.66368724838784021
0.66358523336690667
0.66337985890924078
0.66307654747836442
0.66294024643961780
0.66264187015359000
0.66246649161552518
0.66202510992458063
0.66189346872406252
0.66157575096436494
0.66136071786238204
0.66082823290751924
0.66015384956675049
0.65977964808382517
0.65917157747127519
0.65869604392436698
0.65784805438364624
0.65777465184433770
0.65630495824043411
0.65555354218503781
0.65442336019657776
0.65425025025450545
0.65250940185654049
0.65111204245420506
0.64984694177145941
0.64773548104057643
0.64535296536263753
0.64459899020794187
0.64258324224715813
0.64058987791227473
0.63713210730649805
0.63358994753348363
0.63196537124654206
0.62835145983792007
0.62578156083729497
0.62071004259000173
0.61587299890188629
0.61137886827823329
0.60614341349878875
0.66511652536121968
0.66505654942937809
0.66502267823454209
0.66493854895308124
0.66483272588219811
0.66471500818376394
0.66460839519110659
0.66454941099891540
0.66445227959109232
0.66429421542117084
0.66414236516836056
0.66400586512767545
0.66391254389111132
0.66390253542852606
0.66358752602075444
0.66333061223527223
0.66314496517447952
0.66308823215391088
0.66283878011243191
0.66268753762961041
0.66234220711482616
0.66206999808749323
0.66163505311966864
0.66153629880462383
0.66104903486317346
0.66064277679535588
0.65996394792835289
0.65974785656341794
0.65885758587469079
0.65860146980386414
0.65802218606885043
0.65743464571150856
0.65619247517457502
0.65547495762594388
0.65459656748619455
0.65371457868708738
0.65179886140066534
0.65112225867051754
0.64933989855399699
0.64878716076501763
0.64711442196076896
0.64553194724301255
0.64390001486288595
0.63920428438956822
0.63889987474679377
0.63596680369265712
0.63258578772423446
0.62896297713936589
0.62592158905656214
0.62306096655576693
0.66530047276661564
0.66523888894995942
0.66516752469547058
0.66505391214218634
0.66501530421668953
0.66494790765125256
0.66484838471182139
0.66473842587144105
0.66469399374283489
0.66456871663141381
0.66444823109951434
0.66442242049036226
0.66427274403046987
0.66418384090633520
0.66399469887980933
0.66383988886498568
0.66372126881744076
0.66357279443601525
0.66341566703481836
0.66316175703392521
0.66292087384596765
0.66273664113257480
0.66262416206324881
0.66220896434805043
0.66190002795250902
0.66167168176390456
0.66146767741821533
0.66094560886365150
0.66071908097496279
0.66017574086501019
0.65990355598952211
0.65881529344756584
0.65878765656835725
0.65785055338777920
0.65735870625330850
0.65633007902149343
0.65537187569060928
0.65515377948991627
0.65391206854670869
0.65319886569607832
0.65115162901095514
0.65028588315348101
0.64926381460475668
0.64762153811827750
0.64513093213493788
0.64384901409900830
0.64219128813518211
0.63941536016282663
0.63782055643305458
0.63478768607720371
0.66544094446110780
0.66538001951400494
0.66529617074764047
0.66527350894796111
0.66521040877582105
0.66512874859681403
0.66508262267748974
0.66499468792717498
0.66492688485340690
0.66481059104988138
0.66479238303348009
0.66465408690513050
0.66456664093411533
0.66447965457141300
0.66428085234758494
0.66420896922852579
0.66405196067266836
0.66399732043879578
0.66388286907889626
0.66365887667466961
0.66353190445507571
0.66340379383302006
0.66313876119303306
0.66291774162665429
0.66276218794993769
0.66244830122796994
0.66222693014824752
0.66211061336756483
0.66170032188503602
0.66115144858538955
0.66068808314825089
0.66053876497765907
0.65998894181961432
0.65977774601106076
0.65908900714162511
0.65904405482351958
0.65827467842812815
0.65728090270683581
0.65694644489394405
0.65623030267583804
0.65518368380089798
0.65430585335001146
0.65299388424968652
0.65229149002649200
0.65034458913114956
0.64993511275476334
0.64859119361140016
0.64605929313864507
0.64537970365294051
0.64261357544210196
0.66553294152066422
0.66547966637457501
0.66544285421149851
0.66537773837914349
0.66534638829639015
0.66527118179994849
0.66520929325475908
0.66517963224392562
0.66509844222556802
0.66504541376570980
0.66493278941746059
0.66485185509214317
0.66477735954921979
0.66471645435799331
0.66459364207395799
0.66449668467228851
0.66440663952563783
0.66423849470975882
0.66423722291865284
0.66408094122780958
0.66395466106385514
0.66387517272270491
0.66365904514641971
0.66339787613487178
0.66310951142763441
0.66314744480194499
0.66300773723348727
0.66285006671146363
0.66246679044392365
0.66233753761144487
0.66203470443560941
0.66169027932784785
0.66129470120165323
0.66097830368700849
0.66077970132273278
0.66047316410091494
0.65955343818815892
0.65954139216039342
0.65873782889593313
0.65819245419727634
0.65744303432939888
0.65715449509141233
0.65623700582208500
0.65516883840246132
0.65430147237095215
0.65358641910663384
0.65259845184898335
0.65084309820211250
0.65038929982676907
0.64875967122290323
0.66563121219028687
0.66559056532973182
0.66555928429101285
0.66552226653255775
0.66546020598374223
0.66541576377639677
0.66536642914711519
0.66531612613652258
0.66529611973516878
0.66520199453660367
0.66514883098360489
0.66508054300493402
0.66503855433706915
0.66490840212183899
0.66485555460062684
0.66474278357450112
0.66464681769788736
0.66451438246768679
0.66448276725724509
0.66438016714308801
0.66432741288819641
0.66413155942040347
0.66407147917586906
0.66391889318082820
0.66381619244620271
0.66362198955148599
0.66351936036713122
0.66335649996015800
0.66321109673324319
0.66293408981740454
0.66285585089398313
0.66255773869562296
0.66221220579042372
0.66216208049811587
0.66182738704363853
0.66146843816091994
0.66124294006105333
0.66061354234043090
0.66041740486437150
0.66019465589503890
0.65931537513503269
0.65904008655195034
0.65852580552608853
0.65796335306672638
0.65739040124805215
0.65670768154364856
0.65591331040945011
0.65504784282370743
0.65410164668031623
0.65306320945447105
0.66572221709915791
0.66569375049714063
0.66566133050881660
0.66560716959212152
0.66557968898908548
0.66552670363626931
0.66547360961063640
0.66546813317417031
0.66541866524797300
0.66534115457607101
0.66528425852560258
0.66524992521098925
0.66517264365505935
0.66515079020312906
0.66507080407972341
0.66498156247256535
0.66495730449363433
0.66482695632950417
0.66475120307326141
0.66466485690641952
0.66460234362637771
0.66451737366531738
0.66437733901545803
0.66428727008597632
0.66420413114800492
0.66408262531273388
0.66389067804972268
0.66380653538016809
0.66355513800792998
0.66343147254550994
0.66340075774269547
0.66328881003905316
0.66293418015660288
0.66277700213848989
0.66242436197387788
0.66226805271947864
0.66205504711445495
0.66187612084921665
0.66173684407796074
0.66129198425954605
0.66106802378551199
0.66028496874219678
0.66019883197520079
0.65975381280735657
0.65921685479464009
0.65879818655836231
0.65819610943958184
0.65751067176192124
0.65675067336735804
0.65630358434149483
0.66580007796080787
0.66578914278824630
0.66574354511466560
0.66572037384591165
0.66567083867306143
0.66564587177007750
0.66559677767796011
0.66555339055977703
0.66551966452173295
0.66547411014460978
0.66543925091657319
0.66538101652471915
0.66533106264170505
0.66528543183632749
0.66523164319418604
0.66516763353876240
0.66509358359324966
0.66504423261337164
0.66495286425591849
0.66495451923491666
0.66483092376298425
0.66478317696774236
0.66473367015704388
0.66459515315721140
0.66447102252243195
0.66443684525457325
0.66434453938031357
0.66422972073588404
0.66410403869149714
0.66399120478734974
0.66386716745099439
0.66370616827263418
0.66351181316062546
0.66330106242930953
0.66332071714509833
0.66301164475630670
0.66279615267659497
0.66263590778585613
0.66242170890899155
0.66229401800810717
0.66204427471006411
0.66175674328614797
0.66148199488063886
0.66111510576926502
0.66081480615125754
0.66034579149192174
0.66006674128603038
0.65956872594175509
0.65905873909171730
0.65848135773284266
0.66586280466663283
0.66586053956980906
0.66582759482411091
0.66581084885269648
0.66575906842057031
0.66571040862057274
0.66570550315078814
0.66565622429821003
0.66563147191809335
0.66559710138351913
0.66556234097635691
0.66553221090916259
0.66548501637639768
0.66542652102693500
0.66538630326365777
0.66531618849508956
0.66525400749389063
0.66523542609296837
0.66515739939813578
0.66510686830820731
0.66506391503196882
0.66495941526007596
0.66491680395439623
0.66484430365614933
0.66478350989203849
0.66470874364850863
0.66462979820074808
0.66455372679117763
0.66447328516511373
0.66431485729224071
0.66418526423578006
0.66412032430358114
0.66400318444271278
0.66388465446532363
0.66375887586517313
0.66364170031617675
0.66334753925428513
0.66336608909434480
0.66315843953020281
0.66288277728101686
0.66277596618484380
0.66258713345906139
0.66232836137375539
0.66210642533519026
0.66185616481429732
0.66142123943477071
0.66102323281736797
0.66085274784580184
0.66042387609448472
0.66008568168232862
0.66593673117272978
0.66591575149865267
0.66589348589486508
0.66587619810543786
0.66583229394818777
0.66581471855334562
0.66577622687984972
0.66576184777359004
0.66574412233326408
0.66569375407963116
0.66564883713326872
0.66562823855804987
0.66559711991533477
0.66554086046211969
0.66550475089945405
0.66545199469753435
0.66542555353183830
0.66536833465155165
0.66532564427079777
0.66527745185194598
0.66523939230907791
0.66516344010782880
0.66511866997751512
0.66503911890817802
0.66496026539683140
0.66494589846207008
0.66486934551176013
0.66482583459632927
0.66472001571945682
0.66460613638016242
0.66457638696230947
0.66441529501033125
0.66431864392784190
0.66422533538514750
0.66420856383716798
0.66406524745374795
0.66387652369652161
0.66371922375685211
0.66365233688859715
0.66344017851513148
0.66333550613964054
0.66324794305364820
0.66311920907058419
0.66291623904347596
0.66264173516207525
0.66243448525202597
0.66233887085786503
0.66186485047392596
0.66182500436401015
0.66153533838227974
0.66599781717312767
0.66597167351496989
0.66596283906876796
0.66594554591131283
0.66590890961491866
0.66588380173108264
0.66586203466063854
0.66581435627952179
0.66581676930736977
0.66577116502679490
0.66575411965433173
0.66573501118607270
0.66567358221745065
0.66565483616084742
0.66563632256971816
0.66556664139566268
0.66556242417063927
0.66550857110236661
0.66548008274106940
0.66545312146683711
0.66538729429810395
0.66531330554186829
0.66529015659738122
0.66522484762639156
0.66517931398495533
0.66510690992573240
0.66508766747626846
0.66500975100219728
0.66494213658131818
0.66488343709240671
0.66477432017018212
0.66477416408444268
0.66464847521816672
0.66457557371604203
0.66447139789747700
0.66445340753159021
0.66423412007072180
0.66419126409688900
0.66403737214462266
0.66401270352488773
0.66381239415633631
0.66368890480023035
0.66351323267306039
0.66341584125608566
0.66333636005778240
0.66325878383635595
0.66299858052160654
0.66287275818813129
0.66254470223298001
0.66239925701751179
0.66605549118777574
0.66602159971655694
0.66601939470575333
0.66598615906665648
0.66596736852000238
0.66595302396019385
0.66593496072380065
0.66590301187838918
0.66588411158596128
0.66586212433432435
0.66583328095027139
0.66580192564640606
0.66576265125014211
0.66574812270842221
0.66570943854453968
0.66569193643406632
0.66563618126085833
0.66562730185744656
0.66558670510723550
0.66555781790055280
0.66550206904116704
0.66547671981872725
0.66544073802681147
0.66540940388213854
0.66535778912202526
0.66531435323011612
0.66526520545176804
0.66518453702775560
0.66516048933483751
0.66507281081858804
0.66500587574124781
0.66496981132117561
0.66492317143026658
0.66482789129818842
0.66474543312284617
0.66470475573751997
0.66458455053076182
0.66453693605863662
0.66446075269793115
0.66433044672053232
0.66421987594995813
0.66410373214865415
0.66400477303946936
0.66382551127105149
0.66376055754517405
0.66359603117173394
0.66342421011738462
0.66331687888994817
0.66314810438796934
0.66304048265588700
