-1.9324568479374999
-1.9309651971875001
-1.9289495678124999
-1.9266933141249998
-1.9243554941249998
-1.9222069183749999
-1.9195367237500001
-1.9167553696875002
-1.9139738769999999
-1.9117154188750001
-1.9092689087499999
-1.9056061374375000
-1.9032423486249999
-1.8997009048750002
-1.8976088519375001
-1.8937057169375000
-1.8902769113125002
-1.8869895288125003
-1.8813675895624999
-1.8795166350624999
-1.8753335824999999
-1.8703807736250002
-1.8637632466874998
-1.8610974775624998
-1.8556962280000000
-1.8519288406875001
-1.8453897318125001
-1.8379266154375000
-1.8273630166250001
-1.8207834761874999
-1.8141442850000002
-1.8056221188750001
-1.7936042468750000
-1.7709880156875000
-1.7146426245000002
-1.6968003653750001
-1.6129105029374999
-1.5001315577500001
-1.3367119930625000
-1.3052739146875001
-1.1489125929374999
-1.0123576076250000
-0.90249346181249990
-0.85061783862499996
-0.78163699118750007
-0.68762286918749993
-0.68096311256250008
-0.65385259787500005
-0.63726164131250007
-0.62472189531250000
-1.9309851365353068
-1.9290810627834531
-1.9272721159874677
-1.9244182610898148
-1.9224403095048528
-1.9208117630895822
-1.9175126898368149
-1.9157961041853182
-1.9130337862420204
-1.9095550080165669
-1.9069773899941707
-1.9029262543791055
-1.9000891030289353
-1.8980912971263169
-1.8941636638556298
-1.8915819157640541
-1.8870711761632666
-1.8828766159685544
-1.8794984951827596
-1.8764728674692372
-1.8703756724132301
-1.8654864945533582
-1.8609978971989958
-1.8565244579583577
-1.8498699841809694
-1.8434052120293174
-1.8410718659729404
-1.8287406238579083
-1.8225945393353160
-1.8172525976251246
-1.8059234018315056
-1.7844220831979856
-1.7635115699428063
-1.6995014516886007
-1.7020480477803070
-1.5958969436780608
-1.4627712743844403
-1.4898167074648498
-1.2820789848628771
-1.1869335047812108
-1.0545339781115652
-0.94754520859102831
-0.84259142553953637
-0.78053380928338900
-0.71738929692622444
-0.68926405416109304
-0.65513206066455476
-0.64250999711883761
-0.62681296824131683
-0.61333482538194839
-1.9291300454943829
-1.9269837968297621
-1.9250573614569628
-1.9228630774541793
-1.9202376077543903
-1.9172101267829240
-1.9153755379917685
-1.9118077937314248
-1.9097004734563632
-1.9063882124353555
-1.9035702146029485
-1.9007353570734327
-1.8978149402663911
-1.8947408938353858
-1.8917604673697557
-1.8874273865047686
-1.8829982804736018
-1.8800479298468629
-1.8756866053131094
-1.8718850461334129
-1.8672246584800229
-1.8624446545128501
-1.8561132727872740
-1.8516974260685279
-1.8451854205365787
-1.8358674021186523
-1.8332378043891970
-1.8235050313907661
-1.8134709756853424
-1.7945763985846324
-1.7578994176266094
-1.7743087919064175
-1.7272105438663568
-1.6809415103035361
-1.6614400670462977
-1.5289202350937316
-1.4247717124503569
-1.2163659332611505
-1.1744827013279828
-1.0353118561434409
-0.86843947200723381
-0.80513148788862143
-0.82668164943371325
-0.73908942945836320
-0.68250380578692382
-0.67433610241581476
-0.64309998042081151
-0.63042272414577361
-0.62426028294556590
-0.61524674020457315
-1.9276954296726498
-1.9246523154670176
-1.9233239699114444
-1.9195885468157921
-1.9181052264105836
-1.9157071883149941
-1.9126889753278566
-1.9100192869969859
-1.9073786874485532
-1.9044602428153092
-1.8995457662114921
-1.8980759060289798
-1.8953364640219847
-1.8913763125970890
-1.8882957503712776
-1.8844421495270440
-1.8800944094982812
-1.8764791805183076
-1.8719647481725747
-1.8673869089012172
-1.8624223289172173
-1.8578292396271359
-1.8511906619722782
-1.8469659013315682
-1.8460045982439990
-1.8315388960360202
-1.8315194455571093
-1.8162237416956959
-1.8063979742836764
-1.7901671395421754
-1.7657957618609594
-1.7151079602358670
-1.6655638267945869
-1.6176916718187959
-1.5558221652914979
-1.4326472698487778
-1.3069382401667970
-1.1606979517658598
-1.1163315461162922
-1.0021113265244403
-0.82852780757691902
-0.79980345377800166
-0.73863717366846771
-0.69403774299874987
-0.66299666954622094
-0.65002227054833239
-0.64150989263714220
-0.63102746159689516
-0.62194020655422477
-0.61191301895515759
-1.9256370802855511
-1.9227622994500886
-1.9204192295798250
-1.9176873308112050
-1.9149383833861280
-1.9127705477714667
-1.9091983982166274
-1.9064576895924308
-1.9042209138791208
-1.9006821437774892
-1.8979107464553693
-1.8946387128329309
-1.8911508804916719
-1.8879292901974492
-1.8816910608709052
-1.8800327342407581
-1.8763951589309245
-1.8719652225803225
-1.8671287666029621
-1.8635297404981026
-1.8578740322579206
-1.8526684647159144
-1.8474669845262637
-1.8403239167139878
-1.8284070423230370
-1.8255878256469731
-1.8185105805638961
-1.8044638664865584
-1.7834620624452899
-1.7760105739377092
-1.7312824147689689
-1.6792082374257609
-1.6572774331983151
-1.6338505488660571
-1.4360268395090450
-1.3937554332943392
-1.2038993881925080
-1.0577951542745125
-0.90098939472424344
-0.89981471012048631
-0.79258506459002387
-0.72560488024688885
-0.70012208803205145
-0.68416784390396657
-0.65977020624470328
-0.64994551870776862
-0.63657794735527129
-0.62520542792907596
-0.61773687087865592
-0.61147667185657539
-1.9226776376859311
-1.9195337991965593
-1.9174005457662651
-1.9144765581030567
-1.9123004724742811
-1.9100302515403274
-1.9064172095332339
-1.9037760090430407
-1.9003765236232537
-1.8975588187274648
-1.8933888850532568
-1.8905836532028097
-1.8864458113324849
-1.8826098160752753
-1.8789935638004394
-1.8750506677503782
-1.8701179975670488
-1.8669952567000510
-1.8617566594843593
-1.8561375712356007
-1.8502320721008700
-1.8444528991585474
-1.8381971664968519
-1.8337262666994305
-1.8257326649508598
-1.8182594029186212
-1.7982161437331234
-1.7628050844362801
-1.7630361640348762
-1.7306963117927507
-1.6530451073049484
-1.6673177094075646
-1.5693654101478938
-1.4201032889809144
-1.2869327199072800
-1.1805941629869388
-1.1251436984330949
-0.99053700367510944
-0.86832212838660250
-0.77891702289853693
-0.73327023344835640
-0.71456608903662266
-0.68727948020314300
-0.65629291016678726
-0.64291771476213677
-0.63543948224103175
-0.62711337297759240
-0.62230264468352614
-0.61265762014636460
-0.60863362489449246
-1.9192508222211087
-1.9171716825470404
-1.9144604020190621
-1.9123341677194816
-1.9083992756406321
-1.9060968114596508
-1.9038156997167650
-1.9006776879254859
-1.8971882543044793
-1.8941690560173308
-1.8893543909944142
-1.8870157382837451
-1.8825218266849100
-1.8788411186474545
-1.8749868952900481
-1.8700108840735503
-1.8658609861555779
-1.8599436429741067
-1.8559683792887309
-1.8511061155920916
-1.8435059033819734
-1.8382758942884592
-1.8325624562381615
-1.8137099054594019
-1.7994770097891815
-1.8016378128237072
-1.7836634273724663
-1.7718964032885955
-1.7312093784702307
-1.7060171337805290
-1.6093920181697823
-1.5871276928311022
-1.4590105051554714
-1.2807923077487999
-1.1317529255166088
-1.2090500636688071
-0.95599638167059620
-0.84953292350581977
-0.82803095081658418
-0.76569936353619072
-0.70571839415516791
-0.68625009949833293
-0.67690663899710368
-0.65207932053704842
-0.64203725580822546
-0.63490839416258349
-0.62756847826309226
-0.62329831511920286
-0.61467881272480684
-0.61114222383427830
-1.9163449304275069
-1.9143575233860262
-1.9108999114244822
-1.9081752928357343
-1.9057303982064711
-1.9015651467424823
-1.8997365861068658
-1.8959349418001363
-1.8920266133444112
-1.8887712297406278
-1.8853022222134910
-1.8812280533871979
-1.8778185307823534
-1.8730462477445440
-1.8683380661299913
-1.8644360451913764
-1.8588363575653901
-1.8541807613307180
-1.8476174002691470
-1.8430618831703129
-1.8337390700074783
-1.8278677892364013
-1.8290639430009588
-1.8104154999224651
-1.7894998589353046
-1.7717821976499628
-1.7780875545789201
-1.7480635910970128
-1.7195308284079056
-1.6007331747771849
-1.5946736397536785
-1.4543666832295714
-1.3515097685556423
-1.1616013121416824
-1.0875573952079989
-0.95627946431180844
-0.85760587388933940
-0.78437616130606658
-0.76928904516696872
-0.72384285897220779
-0.71165701547775084
-0.67895298608115229
-0.67006180942206739
-0.64844877267805157
-0.64401517777832651
-0.63223209400538261
-0.62828618453154395
-0.62328484442214172
-0.61586125402993941
-0.61053726279970399
-1.9117858053059680
-1.9095697309559849
-1.9067830422069658
-1.9044451925699684
-1.9010256069164047
-1.8972204418191203
-1.8939646708289799
-1.8900483047092544
-1.8867794184539031
-1.8827907712854595
-1.8793734116524119
-1.8755339517286997
-1.8716712053286357
-1.8680545574376339
-1.8615652889272891
-1.8553561261070957
-1.8523264765798655
-1.8457442810999813
-1.8409679450761394
-1.8332626542384429
-1.8255652503454229
-1.8203557457990436
-1.8103652086052471
-1.7953913447621899
-1.7870689163489295
-1.7529486464047983
-1.7580504600409457
-1.6644454192334717
-1.6730991954551444
-1.5628193047332235
-1.4107982785117912
-1.3041840014301522
-1.1843430333165417
-1.1513615918668947
-0.94051141586116227
-0.88030630045990366
-0.84419216574275990
-0.74961846338295535
-0.73025123108853551
-0.71432761968117986
-0.69443363254124468
-0.66862945979782173
-0.65565571169552217
-0.64805107684005692
-0.64522439567179102
-0.63461337845868193
-0.62650016233739447
-0.62145686800806532
-0.61727527311693264
-0.61198472006110349
-1.9080014210555070
-1.9046019441963393
-1.9022403329460724
-1.8997310723255132
-1.8954530738004809
-1.8922501316282920
-1.8884492584360948
-1.8856450452734395
-1.8817306879087192
-1.8781969735277215
-1.8727159901470036
-1.8681957369308739
-1.8655374394985771
-1.8590316768704733
-1.8540457472318217
-1.8511192652451580
-1.8651180969104764
-1.8392350673421953
-1.8313646629133900
-1.8231815053802962
-1.8194609546860014
-1.7983033090436038
-1.7961028972676478
-1.7692198449425944
-1.7715812289130153
-1.7106307692352691
-1.6926714068176485
-1.6518172741769339
-1.5563078124838177
-1.4160935934758976
-1.3072121341433540
-1.1578331621360092
-1.0265064606160721
-0.96690471379249543
-0.86503841002960347
-0.83302902192964057
-0.75334295497861459
-0.73625441447410678
-0.72008920404275101
-0.68327205724945128
-0.67253901569828978
-0.66687503307230656
-0.65899385495126150
-0.64783391248511790
-0.64245870688078355
-0.63648942956503662
-0.63020599884851558
-0.62624884179457463
-0.62056803211465694
-0.61516531532069529
-1.9031780797433606
-1.8993494182264172
-1.8969085814971753
-1.8917122159636599
-1.8889408646674062
-1.8870598625155031
-1.8829664317790280
-1.8790199046538349
-1.8749892224705360
-1.8718869592388692
-1.8654478857703014
-1.8594436497251552
-1.8572478729294988
-1.8507956012392861
-1.8467405563067423
-1.8396975932432640
-1.8367932244672900
-1.8525347371706291
-1.8496013550154593
-1.8154722189936205
-1.7929953961069813
-1.7786139449981178
-1.7593277825275180
-1.7313639303123665
-1.6915364813209630
-1.6624838186762705
-1.5618295039629020
-1.5159658986526785
-1.4561201788412481
-1.3507803940970899
-1.1963234039255624
-1.0618347581664329
-0.97402307815544842
-0.87594766816008307
-0.84053265783181874
-0.78900433658339142
-0.73743512989217752
-0.70540525046837166
-0.69099218805605223
-0.68511281423411385
-0.66893147476833037
-0.66302112453468054
-0.65742940946310702
-0.64722576984669122
-0.64128901519765424
-0.63879595663013300
-0.63347670451523452
-0.62707571945085683
-0.62283358315846271
-0.61832796120587519
-1.8967825334388542
-1.8940460204423610
-1.8907593875170650
-1.8868593781662235
-1.8849826232516269
-1.8795127176316975
-1.8759978816240044
-1.8711963775711313
-1.8665977516456598
-1.8627740210334611
-1.8558062355047082
-1.8520243065046000
-1.8472280441302633
-1.8393341369575358
-1.8353437817459564
-1.8296939025172907
-1.8182204259530572
-1.8132681594267848
-1.8020667529808783
-1.7976266485258776
-1.7678302328837203
-1.7712629312120389
-1.7493545861943747
-1.7034232444100752
-1.6613090446901118
-1.5896012870350780
-1.5367620662935217
-1.4507062082340878
-1.2905684148000407
-1.2278166786722011
-1.0492556000394522
-0.94174708428179910
-0.90335977080670504
-0.83464043194282711
-0.79650711643488958
-0.75487990702961749
-0.72223637125096274
-0.70474664273777388
-0.69099645447120595
-0.68233532769124272
-0.67207984581179292
-0.66480495614320756
-0.65823915172700476
-0.65190201284331950
-0.64398966465797292
-0.63970100403676555
-0.63493795568892497
-0.63054536826923857
-0.62685864714333717
-0.62173041912363414
-1.8897305189607498
-1.8870242387663578
-1.8828479669223226
-1.8794044651197492
-1.8752048466246054
-1.8708920276499470
-1.8666408441065261
-1.8634917438041245
-1.8575084049981181
-1.8533088803663562
-1.8474788227574823
-1.8425932384197929
-1.8367894802170048
-1.8301445482309535
-1.8256786402794847
-1.8173791722550590
-1.8074594012620191
-1.7982467861963567
-1.7844579330423758
-1.7718831820275307
-1.7372057097458942
-1.7261433968034046
-1.6791723266693723
-1.6275017686715925
-1.5893497054872601
-1.4842786173569591
-1.3844797121621921
-1.2979167417106803
-1.1803359674021023
-1.0729325183565108
-0.94699464244520459
-0.91012029691743512
-0.82085141787746263
-0.79297299057851522
-0.76219610481205669
-0.74461074123754900
-0.71228855222996035
-0.70290141435842235
-0.69094391292438684
-0.68066526963559026
-0.67482866029951216
-0.66992926832406297
-0.66138695845997009
-0.65579154579661636
-0.64883027661344783
-0.64508091539416912
-0.64171475989418392
-0.63532364544697939
-0.62967408857910601
-0.62704979346342971
-1.8822202000174462
-1.8781575251474769
-1.8765119060365505
-1.8705506858929604
-1.8656991084277579
-1.8621892258054340
-1.8580955174692979
-1.8521807659831353
-1.8484018073441177
-1.8408316070521082
-1.8356484645027535
-1.8304077948918944
-1.8239996118655919
-1.8422363701067355
-1.8086225663226199
-1.7964867344630431
-1.8053323005650070
-1.7735232520021291
-1.7770766912625806
-1.7416851094578767
-1.7154715308276380
-1.6779254107470913
-1.6386373297327683
-1.5859316166010757
-1.4703950506763428
-1.3773976628372029
-1.2476811612939689
-1.1374655252235839
-1.0665622884447801
-0.97294110215201157
-0.87675212659635204
-0.82870883137668361
-0.79519797190509822
-0.76319448990149763
-0.74853548818690541
-0.72639420611413386
-0.71748996062956349
-0.70054369026740715
-0.69631319650964363
-0.68462054755127999
-0.67727621451346431
-0.67056752894321181
-0.66468627331680741
-0.66007817462394613
-0.65545576858285215
-0.64923929508931222
-0.64554115828760983
-0.64095323667489967
-0.63693048576779365
-0.63251887663318296
-1.8735396504332926
-1.8697079254504854
-1.8648485531506458
-1.8612247207330981
-1.8567227681112277
-1.8512089884632223
-1.8459799057161697
-1.8415914195942704
-1.8356378995971634
-1.8292057932624450
-1.8229359034642636
-1.8142611616294273
-1.8080249456825663
-1.7990167488622291
-1.7922440817855676
-1.7770161148776429
-1.7648923380535926
-1.7425865931397566
-1.7597904702058742
-1.7126971704737088
-1.6642816016373183
-1.6021608575524442
-1.5739012278704672
-1.4578702008841549
-1.3628099912135221
-1.2682891169683363
-1.1781314339380240
-1.1008139440798090
-0.98505960249904578
-0.91856519213777277
-0.83845641214503730
-0.79379703443767258
-0.77887871726632374
-0.75630814434100357
-0.74206446010722049
-0.71955003571656095
-0.71307993190167873
-0.70458791603398485
-0.69316687056792659
-0.68538248485896303
-0.68386498316706112
-0.67473336377159787
-0.67014111146990585
-0.66527928307089224
-0.65932443742672719
-0.65510204635960734
-0.64989434371436483
-0.64565966325280943
-0.64131754020442711
-0.63907263836289718
-1.8632942092817899
-1.8587013565645061
-1.8537966304063715
-1.8497909085906701
-1.8444185645106350
-1.8390711618545896
-1.8328474610248866
-1.8274384471815965
-1.8210421903524545
-1.8127132401370638
-1.8079252554298213
-1.8008717631198892
-1.7893230699648877
-1.7792333492748784
-1.7623352147163942
-1.7530279498308050
-1.7426722954301073
-1.7091486951524695
-1.6896292616193673
-1.6601261285498170
-1.5823236436690713
-1.5228624197367702
-1.4617929839586066
-1.3248707702309883
-1.2284319545488080
-1.1732935211983104
-1.0642870549551759
-0.99716549362268525
-0.93269122474701671
-0.87178348183601562
-0.83267690560186314
-0.79401103659259231
-0.76374599800798559
-0.75200164739129749
-0.73733463482833383
-0.72580518280307804
-0.71601316455643971
-0.70935631770757823
-0.70036790073443389
-0.69351913159409051
-0.68684094400337103
-0.68300450638924959
-0.67659838516178383
-0.67118957789920830
-0.66532658301025305
-0.66287831902786831
-0.65640935742066675
-0.65362786953324659
-0.64885572836840988
-0.64514097821170902
-1.8510534092469098
-1.8456722806054660
-1.8413541211466344
-1.8353321962565601
-1.8307129239416637
-1.8246837963089302
-1.8155944579296883
-1.8101295740317598
-1.8045720303340951
-1.7965409412579623
-1.7870767500645122
-1.7790791080489050
-1.7636556523027509
-1.7524057150093642
-1.7506322006031503
-1.7258554539542672
-1.6956039515432162
-1.6667479927583986
-1.6069353379360609
-1.5732831910075364
-1.4973797349388551
-1.3949452263104050
-1.3445553056907606
-1.2542519532928440
-1.1534123978699138
-1.0674349492514204
-0.98945729308535035
-0.93735964793933335
-0.87019392691853326
-0.85175587766651861
-0.81155919127351206
-0.78259636190642812
-0.76393127667940430
-0.75251856240462245
-0.74138330513562378
-0.72415927436301619
-0.72096056987350865
-0.71251073232473028
-0.70450679864180044
-0.69722384308011298
-0.69456569592775608
-0.68990415711553421
-0.68337855706409245
-0.67730132937721832
-0.67348461611413357
-0.66797553502571161
-0.66460193810397772
-0.66180541681818850
-0.65560031081781434
-0.65197583237628220
-1.8360211983332413
-1.8306322678729570
-1.8246821433061724
-1.8182337975378400
-1.8152378869390913
-1.8068999364495602
-1.8021568645324726
-1.7921120111013868
-1.7808186812107598
-1.7720997408824422
-1.7638543773209818
-1.7693366395244214
-1.7395198103563623
-1.7233473150381469
-1.6936996033992642
-1.6750075690333157
-1.6466581977503014
-1.6273678894975163
-1.5530786502504230
-1.4796215532444097
-1.4159416745418383
-1.2974254550262048
-1.2206244446198320
-1.1793156875316644
-1.0895244357617477
-1.0128319565479789
-0.98013102500367311
-0.90980521338004539
-0.85993708788052714
-0.83130935257915606
-0.80614403055228023
-0.78308940295067264
-0.77046084864703457
-0.75828899668230720
-0.74746765338278420
-0.73529183054629010
-0.73002109579120744
-0.72667489076414526
-0.71517264963712679
-0.70744380171557308
-0.70263249527218208
-0.69662898267070683
-0.69099287936255649
-0.68612532864124876
-0.68189510969595146
-0.67694038063932216
-0.67341113861841317
-0.66882925255337056
-0.66385819230457122
-0.66073918462460257
-1.8190901648058257
-1.8139395663092415
-1.8083308712047172
-1.7987859446491867
-1.7945455223002285
-1.7839547895374408
-1.7818459303049459
-1.7644873244022228
-1.7584830435528038
-1.7434302073528218
-1.7499308387457457
-1.7198354770720912
-1.7080620857571303
-1.6702542458684815
-1.6549863378777758
-1.6082067410222494
-1.5678718202372517
-1.5541916728873835
-1.4581013189595455
-1.4037251629927772
-1.3043655048658922
-1.2321192320855285
-1.1738443227036137
-1.0874779792698073
-1.0134324306343891
-0.97164042745970913
-0.92181911549349405
-0.86922664007150974
-0.86029791151564450
-0.84255037970135471
-0.79985121414159943
-0.78559898321587629
-0.77850689625619396
-0.76581059365066506
-0.75574896359715726
-0.74544005212733933
-0.73766963957537046
-0.72726907776728711
-0.72195777468767697
-0.71654023322324123
-0.71095929606884767
-0.70584092677487620
-0.70135373995088757
-0.69588858047576407
-0.69053936232257684
-0.68672265079876638
-0.68315588124685678
-0.67740890377369323
-0.67405156665478760
-0.66928409549505974
-1.7992786210630325
-1.7924480752057825
-1.7880812989898640
-1.7816541817667173
-1.7718063399443746
-1.7781205452974707
-1.7461276048393863
-1.7387173629310513
-1.7193391018476021
-1.7107924304525699
-1.7012248666437253
-1.6759592422297276
-1.6486393688547776
-1.6283277479852296
-1.5883109677509706
-1.5526048749216881
-1.5107595660597268
-1.4398370476452462
-1.4000661358924436
-1.3310063697627297
-1.2505985459784956
-1.1696470493595503
-1.1272605488510117
-1.0597087963885492
-0.99999803871296544
-0.94955111828862793
-0.90022750498351523
-0.88008084456009728
-0.85960405756408786
-0.83282276961677015
-0.82163150126872975
-0.79993038399277394
-0.78984207749732449
-0.77281004108562001
-0.76327251254126138
-0.75547196957632512
-0.74656464966087899
-0.74109780482368526
-0.73327762066611601
-0.72958925538676211
-0.72287965552962175
-0.71694489082629020
-0.71192975555144900
-0.70560212090269170
-0.70198274438050323
-0.69633745738560038
-0.69161015847394969
-0.68849473991840626
-0.68382723283582547
-0.67997174117960579
-1.7747316847854286
-1.7729673152759438
-1.7597369062803814
-1.7492197445174456
-1.7435281892015657
-1.7287183415274359
-1.7192224430874399
-1.7078983605797973
-1.6850148104800735
-1.6745843365491118
-1.6462115156143151
-1.6239209878195202
-1.6045645350626827
-1.5705395281541157
-1.5453653783294781
-1.4908924763912308
-1.4456601393391919
-1.3923623382395862
-1.3049995699977692
-1.2596412011976839
-1.1887165369256427
-1.1253216512909296
-1.0725546260050776
-1.0184141943271454
-0.96978541074490321
-0.94695333338823262
-0.90629615312319256
-0.88858640281652657
-0.85897540380496795
-0.83864040724046252
-0.82177264684611084
-0.80797921192676003
-0.79730958382806505
-0.78847568479870522
-0.77934933360818748
-0.77012250550035377
-0.75782058539938357
-0.75192129826811238
-0.74641902021117479
-0.74015589006682392
-0.73468544307485362
-0.72759873150671961
-0.72150381651042350
-0.71773000509320883
-0.71201792727186630
-0.70724491408716783
-0.70216105664495787
-0.69854083292821800
-0.69511540484523371
-0.68956898967866787
-1.7461069766602513
-1.7462857839306500
-1.7301271722691478
-1.7266861649658454
-1.7044750155740738
-1.6929307843441059
-1.6807466279182111
-1.6668608782115168
-1.6507207822050165
-1.6254908426781225
-1.6013752341514098
-1.5745566060647362
-1.5459474301993570
-1.5186915063033484
-1.4649344804536841
-1.4354589698601592
-1.3687360012486116
-1.3049139984650209
-1.2702047627008002
-1.2113690310097756
-1.1695292436103009
-1.1201835172584285
-1.0661592815692280
-1.0023213775621278
-0.97593008251141666
-0.94638028901488236
-0.92028063345553479
-0.89831872930965995
-0.87225823530403002
-0.85028466288743088
-0.83785360357561456
-0.82251220630552668
-0.81221232881235694
-0.80510481643593523
-0.79006697672527781
-0.78308892699130650
-0.77439098788467464
-0.76689721826439861
-0.75921146959684083
-0.75367926772226246
-0.74721455406837389
-0.74095432404263373
-0.73494000375322355
-0.73043542480989343
-0.72615962762861475
-0.72126319169832398
-0.71546859766164828
-0.71033198757499760
-0.70702676893721661
-0.70165202562749895
-1.7173720207471144
-1.7030373742147842
-1.6968344419737429
-1.6870308881356453
-1.6721299784803767
-1.6517794078036452
-1.6386893829338405
-1.6236894097085397
-1.6029696757363461
-1.5827159157202433
-1.5607732598558823
-1.5288482296550869
-1.5010145439351774
-1.4640555441369179
-1.4245660241317333
-1.3914486215506445
-1.3361737647942107
-1.2983968925290323
-1.2565321137724397
-1.2034519403721409
-1.1633293099228039
-1.1005420760069551
-1.0604432456908663
-1.0213403488635062
-0.99208297767714659
-0.96218061553320156
-0.93857801736600455
-0.91127348952401632
-0.89246050003027511
-0.86925717232115052
-0.85436771847090798
-0.83937926377348138
-0.83022081198781450
-0.81702647758658142
-0.80719443974725946
-0.79674621736514128
-0.79146784877849596
-0.78325600106185189
-0.77659305039878546
-0.76835903019707119
-0.76379825452584482
-0.75495627223553219
-0.74914599526251269
-0.74443369957349748
-0.73901574722470909
-0.73396635832939849
-0.72859399928049740
-0.72482169554471254
-0.71915125573050498
-0.71495279756805130
-1.6812579700769579
-1.6723763938380625
-1.6602941082162439
-1.6454024265798766
-1.6298367520684209
-1.6152061384789420
-1.5999036182337338
-1.5811963530990278
-1.5536639062308568
-1.5291571486005393
-1.5124883929004762
-1.4826269645557384
-1.4585905913670927
-1.4232976872634879
-1.3928392727185139
-1.3614250988879917
-1.3039408528035912
-1.2686690874275033
-1.2340148708261907
-1.1936170513656068
-1.1483872651272438
-1.1080316895250124
-1.0630912334456033
-1.0457190736324982
-1.0028081324837381
-0.98356166907937292
-0.95803521819095550
-0.94041002338954716
-0.91373894726493854
-0.89593987117084350
-0.88023989466990060
-0.86573028504859262
-0.84617733637451698
-0.83926993826174012
-0.82695955666421472
-0.81890950237876392
-0.80785382832313912
-0.80106830927608175
-0.79205173479012458
-0.78521353509166036
-0.77728997316908821
-0.77098202781170189
-0.76693420327336659
-0.76047062966617573
-0.75402595780121173
-0.74742197127818255
-0.74392819356640627
-0.73799600962735012
-0.73380608001041769
-0.73012807358081633
-1.6450717306260874
-1.6330834473644649
-1.6218895228357064
-1.6001886197995641
-1.5943045109213987
-1.5773758385003804
-1.5609048193992479
-1.5365409987489143
-1.5193583875596246
-1.5020927695464292
-1.4885076768074048
-1.4588673257639868
-1.4330901384508801
-1.4061365777892043
-1.3729514392294326
-1.3397585087246093
-1.3024990018048896
-1.2720838076525702
-1.2387907220155123
-1.1994137343320954
-1.1600770417126516
-1.1242766696420718
-1.0959487614015790
-1.0631462563184604
-1.0329248364652026
-1.0108869970557814
-0.97629104985266613
-0.96060177580760209
-0.93775584236750031
-0.91922659801735973
-0.90415693806848285
-0.88932951461660681
-0.87483208396950318
-0.86121890232921361
-0.85127576805793337
-0.83838578952209519
-0.82693076720998437
-0.82131355400382589
-0.81230818879093225
-0.80598538857760504
-0.79780156084574505
-0.78903826343106021
-0.78365859707333585
-0.77746703239361803
-0.77213866615145821
-0.76506639987700087
-0.76048003113217622
-0.75457611857123463
-0.74934291911029516
-0.74464416647040044
-1.6157500819025725
-1.5988101441855034
-1.5915344109660066
-1.5783156727076253
-1.5655281459837926
-1.5484475566657949
-1.5301586780534528
-1.5134027880518603
-1.4999022213845614
-1.4827109213458523
-1.4598744358123332
-1.4357498308902565
-1.4140921911074431
-1.3867286508241350
-1.3683605157647054
-1.3320410992153680
-1.3030413811319588
-1.2882493392645873
-1.2550440830770040
-1.2131904617278220
-1.1874721555248724
-1.1579446005487632
-1.1186360468599554
-1.0885887551504987
-1.0704225640279068
-1.0343057317228708
-1.0147584016000892
-0.99292078158829145
-0.97661863218680256
-0.94587590781545783
-0.93210030878152339
-0.91318227194690038
-0.90503397954895659
-0.88884121507974145
-0.87360811815501704
-0.86432161562379095
-0.85439175028492198
-0.84225400577961418
-0.83602122152585001
-0.82637042449430542
-0.81931481873714740
-0.81053582658201351
-0.80559574386852095
-0.79677866174206857
-0.78974994283843325
-0.78377327328525015
-0.77872861144340144
-0.77173425868920875
-0.76624661547144624
-0.76346664876418713
-1.5853028102451667
-1.5764200371183315
-1.5698425347237159
-1.5518841804755059
-1.5396891205776253
-1.5239726432399170
-1.5134109505443425
-1.4970863809505475
-1.4822787873155931
-1.4656946752254298
-1.4498111189877778
-1.4306319567493682
-1.4112890227237447
-1.3921646231359202
-1.3676990555425170
-1.3439084906024268
-1.3138227659501884
-1.2978064924465491
-1.2663560067343458
-1.2430515710548955
-1.2096145742329876
-1.1791439046479770
-1.1443584541827305
-1.1240054455992863
-1.1054470204128080
-1.0788366297496175
-1.0494692017280867
-1.0270524638407179
-1.0063262437418430
-0.98292943288243151
-0.96344923182294129
-0.94720137059308884
-0.93423204302143814
-0.91906289267562780
-0.90699714566783729
-0.89134846045175986
-0.88158905885274363
-0.86965251678033384
-0.85951919708868441
-0.85149335880756738
-0.84141364997815149
-0.83413478416526265
-0.82538388289012832
-0.81817634419606011
-0.81171566451384924
-0.80607354247655350
-0.79877215677312807
-0.79132591108871442
-0.78734735487959540
-0.78043228510670204
-1.5675199789041359
-1.5602677761277048
-1.5468586145901029
-1.5397853974272884
-1.5237899224955442
-1.5145404253998800
-1.5016189425602375
-1.4874396828807641
-1.4765469910650750
-1.4606871353139355
-1.4466615273147680
-1.4291108289072298
-1.4123251745578669
-1.3938147972376655
-1.3753970932113859
-1.3547989100418178
-1.3288916314284347
-1.3131620893160902
-1.2844146670449961
-1.2646987807340853
-1.2431005574088503
-1.2150436681755863
-1.1928110057777375
-1.1637761976901229
-1.1348939829354192
-1.1108941719950050
-1.0913538803970584
-1.0688274564194755
-1.0452168402544231
-1.0284289943375657
-1.0043987017223879
-0.98739356664510480
-0.96732532052731901
-0.95111176159860567
-0.93728478008444904
-0.92212904374561622
-0.91316819536671501
-0.90171625837308345
-0.88869549158070948
-0.87553682737935246
-0.86995094656963556
-0.85991617799906028
-0.85262130889277199
-0.84263794209912835
-0.83596352332739698
-0.82836886475907789
-0.82129574734827127
-0.81591529292206699
-0.80656451051770151
-0.80306060322636508
-1.5555661290248322
-1.5483165026448937
-1.5387077140186960
-1.5278336826031307
-1.5201430048229456
-1.5059933595416146
-1.4965908342934444
-1.4840347032546759
-1.4748245833115936
-1.4631405374142878
-1.4451014323695364
-1.4313919716900665
-1.4161235879572891
-1.4000381591562936
-1.3811797829028984
-1.3666047425888725
-1.3499572318119863
-1.3354733698866541
-1.3155117834663406
-1.2913944689001793
-1.2715248174170584
-1.2462888146295559
-1.2272190350762591
-1.1989876341052130
-1.1757476022073465
-1.1554047175444948
-1.1311787289067627
-1.1105838497230756
-1.0903098852374109
-1.0594847545489774
-1.0452064641061891
-1.0320884099758389
-1.0121329024709445
-0.99085645167500869
-0.97559908239766491
-0.96149443477938068
-0.94711923504461482
-0.93230676685126979
-0.92256950124599668
-0.91125865818765972
-0.89895987396068433
-0.88904221758008040
-0.87857431314129075
-0.86839847918255475
-0.86289507869124482
-0.85456418509724830
-0.84724449670245039
-0.83995434436715644
-0.83076904211020830
-0.82743939893926044
-1.5485790774017136
-1.5416274536279762
-1.5332584540773755
-1.5234619307518513
-1.5164156820598353
-1.5077118846618105
-1.4960264852763401
-1.4875333809725870
-1.4777318318524635
-1.4673420852490069
-1.4558130924446533
-1.4429638188115512
-1.4282126151394932
-1.4134239942199349
-1.4049943005740040
-1.3892735079517917
-1.3758519007310206
-1.3550074747384286
-1.3352201282550711
-1.3207388657945143
-1.3006661385224583
-1.2780237128445764
-1.2621351635225460
-1.2363147343751002
-1.2171284557980979
-1.2040975650219936
-1.1788239507180507
-1.1600386438474590
-1.1385498604368285
-1.1168849948960446
-1.0890065666848057
-1.0691285944919184
-1.0569963106451785
-1.0394217637500685
-1.0206756106185724
-1.0030196618025935
-0.99170031370764766
-0.97279987204820428
-0.96010679744344751
-0.94491940309329148
-0.93583306387319820
-0.92320055577041571
-0.91004013149084884
-0.90066335325975300
-0.89255527992053429
-0.88350187251245582
-0.87510141702387534
-0.86702559475125140
-0.85869277620008067
-0.85152711649810553
-1.5494484511748672
-1.5419690715803389
-1.5336748733609722
-1.5273669991226775
-1.5188583910428104
-1.5117329390268393
-1.5033822071889547
-1.4937126508708938
-1.4842271552627895
-1.4734312875198410
-1.4636194185369649
-1.4545891095411201
-1.4469564541849524
-1.4305034917444022
-1.4179405954238828
-1.4051765268298475
-1.3907818380844406
-1.3770428394646450
-1.3645645984873145
-1.3477672081730105
-1.3272912032319946
-1.3166458511740264
-1.2990715866103550
-1.2761124097643544
-1.2595071565887905
-1.2367947042935168
-1.2182339566420552
-1.2018273832277933
-1.1795372784016906
-1.1602823533333035
-1.1407283719166412
-1.1257060144884568
-1.1042823367599128
-1.0830433188770496
-1.0615001807668947
-1.0464350314266755
-1.0302162349628095
-1.0141420641705909
-1.0024646342860080
-0.99033894250154975
-0.97506048307408422
-0.96134710680741586
-0.94822695190527129
-0.93702790318232743
-0.92752027720766872
-0.91702432755410801
-0.90535939876979310
-0.90034644837383415
-0.88926885567371661
-0.88055171976664648
-1.5513992093883560
-1.5443207785309636
-1.5372653092207480
-1.5294863884068877
-1.5250059360334398
-1.5179242753951327
-1.5101971697951211
-1.5019889894791192
-1.4930238260740771
-1.4851733604629263
-1.4743377449347503
-1.4664769177817880
-1.4543213968760624
-1.4441141672570570
-1.4375501256590371
-1.4237031626250560
-1.4146535547231642
-1.3982897727639696
-1.3902471981933886
-1.3758639694043580
-1.3605480779676602
-1.3450335052919231
-1.3329158891192046
-1.3176126089437548
-1.3031548329263187
-1.2774568956063528
-1.2619063498523824
-1.2474797333308845
-1.2254642372215114
-1.2114881728297004
-1.1937613210744173
-1.1692568427278571
-1.1518355938705880
-1.1343279288915946
-1.1185823594320223
-1.1012060362311253
-1.0824696610564186
-1.0682362750533576
-1.0477845088026883
-1.0323700502891140
-1.0178809469896557
-1.0044503155434121
-0.99204230416612404
-0.97688636559465492
-0.96813938293999480
-0.95663913353960706
-0.94158503061294230
-0.93385865936881174
-0.92394466107270856
-0.91348763707787284
-1.5575608117608388
-1.5524542266344934
-1.5460931681124459
-1.5394387517072032
-1.5321720688952383
-1.5269606168256931
-1.5189648315287645
-1.5126033740314762
-1.5040431494701878
-1.4957000231335740
-1.4898376639547564
-1.4798200709619178
-1.4729467285605560
-1.4659275789675743
-1.4537054199874730
-1.4428110527344262
-1.4332205151207171
-1.4230547108061271
-1.4128559558687386
-1.4029812087883067
-1.3891585154150345
-1.3772565186290802
-1.3643151950243839
-1.3525346015113311
-1.3342264524382599
-1.3251187034412164
-1.3007855849940351
-1.2915810801226835
-1.2739059205860801
-1.2547489811338501
-1.2379280747995540
-1.2237236357563404
-1.2040641219158090
-1.1862925277752356
-1.1660086026455938
-1.1483187073167036
-1.1326752840400964
-1.1182940478925867
-1.1031322489807467
-1.0820216014026864
-1.0679960189783677
-1.0551154633006827
-1.0419469885527310
-1.0270963230837422
-1.0081818080920415
-1.0044103642698972
-0.98624788153583010
-0.97116536846102297
-0.96391022462355092
-0.95394014887888157
-1.5657673099265952
-1.5586651426117251
-1.5546648105990177
-1.5486045377738329
-1.5434847027579404
-1.5356285395378193
-1.5322717473847798
-1.5233448007590580
-1.5176262946322310
-1.5106560031968796
-1.5042770846107139
-1.4966355084730032
-1.4879033182131727
-1.4812061519423354
-1.4727942847616404
-1.4637715258138035
-1.4580955732037539
-1.4462129415696778
-1.4364108703223450
-1.4296903151004552
-1.4159095881896491
-1.4069377140997514
-1.3917088787685004
-1.3844526991071251
-1.3694743464005166
-1.3571045042971315
-1.3478346381722914
-1.3321500948776606
-1.3156702454695717
-1.2982138961451581
-1.2850967521315022
-1.2641320399663027
-1.2557164341167235
-1.2354228695912581
-1.2177552614417166
-1.2022780930930947
-1.1841060880103926
-1.1737632097401205
-1.1552605246593164
-1.1353676744051988
-1.1240911523294892
-1.1057537877157579
-1.0868333728605426
-1.0739562154567235
-1.0594759434856114
-1.0474153001317135
-1.0309150984070712
-1.0157497525069905
-1.0085886148078513
-0.99419044450981786
-1.5746755689167147
-1.5709242062764597
-1.5655087415499642
-1.5611599718954396
-1.5553232070673950
-1.5496917846890330
-1.5445372755546622
-1.5391424475568851
-1.5301603355404092
-1.5273605587795607
-1.5208649998502000
-1.5138982449917855
-1.5052583182646566
-1.4985873650306827
-1.4921799416881252
-1.4836496487971835
-1.4759265394910874
-1.4713977717010283
-1.4616300677498766
-1.4514025571943068
-1.4417677664517736
-1.4330435769018377
-1.4236084823681940
-1.4169408928979255
-1.4034851088130151
-1.3890732823853518
-1.3828900374901891
-1.3686900545341285
-1.3538788328440163
-1.3444174290942907
-1.3276058583932029
-1.3131384652415241
-1.3031604432490882
-1.2844913255898718
-1.2726725884995815
-1.2578997670528633
-1.2389055158600779
-1.2245772855040427
-1.2103073639889586
-1.1912527477382366
-1.1784036607657284
-1.1647365497648619
-1.1451958327094658
-1.1272320123448234
-1.1116272553326374
-1.0971324033529770
-1.0824688646560181
-1.0717882887752521
-1.0549103064274119
-1.0468330647567681
-1.5871795549917231
-1.5827083961159127
-1.5783849041696449
-1.5739295218291465
-1.5682525803641130
-1.5631354067872079
-1.5583785395195451
-1.5541698670513873
-1.5481632454198533
-1.5414908169942185
-1.5376907538505740
-1.5311320949361715
-1.5252138043594681
-1.5195033173682007
-1.5124654051217561
-1.5049642660836204
-1.4986610300197793
-1.4901152680049450
-1.4831392236715757
-1.4765614552089537
-1.4681623783435496
-1.4593178188292653
-1.4501129644110551
-1.4411023212351604
-1.4349213141068129
-1.4256482985317449
-1.4157878868964082
-1.4035400634591224
-1.3947762863105333
-1.3815340470291420
-1.3689485148288412
-1.3619709744952444
-1.3444469547864046
-1.3302186991980116
-1.3197546876120660
-1.3077006097603039
-1.2891079641153189
-1.2730748725701035
-1.2588702783631132
-1.2490496939290092
-1.2301445350496167
-1.2153536643354752
-1.2002144201953293
-1.1825716715845294
-1.1721073979096779
-1.1549346876951760
-1.1379214587984203
-1.1275817894333573
-1.1154500760247945
-1.0944233496615079
-1.5993361449009849
-1.5966229524273063
-1.5919513630842022
-1.5881629102717381
-1.5820469574306955
-1.5791235196783640
-1.5731422434130087
-1.5696148707014825
-1.5632373056319664
-1.5597930750643483
-1.5547551820165157
-1.5486585481550161
-1.5432115143113727
-1.5381624705398877
-1.5326148706907845
-1.5256382600073661
-1.5193615283240762
-1.5118306121056084
-1.5061454617697609
-1.4991685782206301
-1.4928205300931332
-1.4854689582682032
-1.4790663323921063
-1.4685150502452839
-1.4619793447537672
-1.4572262100037647
-1.4454212801008308
-1.4368229080630421
-1.4300439430656962
-1.4161537926249022
-1.4095985715022943
-1.3935056304803362
-1.3861734850783967
-1.3754675642198213
-1.3593078088765815
-1.3505428474233347
-1.3362238862797247
-1.3263199856233054
-1.3109146942964451
-1.2979108271069908
-1.2799859523240595
-1.2681259947367176
-1.2553035914241364
-1.2420555452167665
-1.2248710778095782
-1.2067194487880706
-1.1941078864754575
-1.1787590747654786
-1.1672848091028103
-1.1537390758601069
-1.6146811612402134
-1.6119863656433724
-1.6078233723802355
-1.6037512215050780
-1.5990485020909404
-1.5941281660298927
-1.5903317697360375
-1.5866982119412791
-1.5817073667787895
-1.5765743069711211
-1.5720959601428786
-1.5679131638065540
-1.5617903817449508
-1.5567341285726903
-1.5506543639639410
-1.5461123337977769
-1.5416989333534770
-1.5354363067306116
-1.5292557396245186
-1.5228936662388599
-1.5173298221356362
-1.5109032441070616
-1.5048901166030373
-1.4961541085677499
-1.4875255527514062
-1.4837881649407791
-1.4772609982147418
-1.4675554866098839
-1.4578128138859363
-1.4505186267426109
-1.4399686993875052
-1.4340955200324632
-1.4217125594727988
-1.4131192862967148
-1.4016351748045992
-1.3937040786197001
-1.3800511626670269
-1.3667912517838017
-1.3609976960806176
-1.3473694317796594
-1.3351541846076898
-1.3205522987568259
-1.3073838409966476
-1.2960138075796794
-1.2803664039046532
-1.2644924847205206
-1.2525377942587175
-1.2405098556174350
-1.2224183729822626
-1.2064533473791657
-1.6299723179402494
-1.6274627305674898
-1.6239571886429518
-1.6201165022863195
-1.6171672703005420
-1.6118714172092594
-1.6075358422430777
-1.6048408390383606
-1.6004032876574359
-1.5957822415420133
-1.5917313156182757
-1.5864113989648791
-1.5828710111191926
-1.5776175243852089
-1.5736033799806404
-1.5669709570402850
-1.5623256497827354
-1.5582267367886076
-1.5520412889286535
-1.5473212836441133
-1.5416743950653629
-1.5367340329021395
-1.5304589339248269
-1.5222869291286401
-1.5171016431645978
-1.5102163075266282
-1.5047744956722400
-1.4967537436033316
-1.4912035637286563
-1.4800661914220663
-1.4743765125988102
-1.4641354275087284
-1.4613753390863216
-1.4500905259743397
-1.4414192115377207
-1.4307838665373040
-1.4212761142744685
-1.4099120646683598
-1.4028539483322608
-1.3907710685851291
-1.3817484804923805
-1.3694588271914556
-1.3554051602516017
-1.3457588462198944
-1.3319560080269488
-1.3245096156043210
-1.3064876490985722
-1.2950734196889837
-1.2795751598970961
-1.2657210470388218
-1.6476762839033261
-1.6440287908290339
-1.6416830234488862
-1.6381647548717027
-1.6335316012528482
-1.6304818552088414
-1.6267618606845462
-1.6226615778264912
-1.6194532055709319
-1.6147964497382676
-1.6101349494295485
-1.6068209992841156
-1.6028200701689144
-1.5992183161264166
-1.5941761391057350
-1.5889182954679180
-1.5841538783490596
-1.5801425069960888
-1.5757521139802686
-1.5716205045780998
-1.5652916753314228
-1.5611313055812275
-1.5545972231072103
-1.5509236727002533
-1.5438255714780054
-1.5374291861813874
-1.5314943967003918
-1.5247320065757592
-1.5177013156257266
-1.5117481714503407
-1.5055756363953241
-1.4984789256805715
-1.4905220113379596
-1.4840907852744361
-1.4748596205454794
-1.4678372532569035
-1.4574190944446073
-1.4521122221943727
-1.4421604918148816
-1.4349724909963066
-1.4236897097453614
-1.4140609432506932
-1.4064087517808261
-1.3891212414232335
-1.3824299345284652
-1.3714975927685240
-1.3591489719351506
-1.3459113380546268
-1.3347645360096094
-1.3246850584344194
-1.6654665369007791
-1.6623784736690765
-1.6587810880606335
-1.6557966164647604
-1.6516872037310228
-1.6489650418354147
-1.6453407660865236
-1.6422669777649055
-1.6381405492366377
-1.6346869939836071
-1.6310099537272973
-1.6288665419163664
-1.6235822790830843
-1.6210076789484957
-1.6153827762961217
-1.6117375010269475
-1.6079128796458224
-1.6034661544681388
-1.5994700034762122
-1.5943006683105363
-1.5894736652658430
-1.5842321721366459
-1.5811242754112851
-1.5746632663793685
-1.5698760219945229
-1.5656298845743777
-1.5605922171199773
-1.5536023079683914
-1.5482537559962850
-1.5434678049826551
-1.5364569115660445
-1.5277823033156792
-1.5250240382368729
-1.5146932741176369
-1.5101265140862410
-1.5025141246242899
-1.4938561263837904
-1.4878286486116412
-1.4806978977231384
-1.4736853251083932
-1.4621462927444886
-1.4565893895066246
-1.4498170738780376
-1.4381717715991913
-1.4249532132597857
-1.4161604497174729
-1.4078005760794092
-1.3975502419884993
-1.3873174343554484
-1.3751785858270176
-1.6840646023649544
-1.6806573330774344
-1.6769493426938689
-1.6749768536683316
-1.6718471784716937
-1.6682746949443747
-1.6653541004012462
-1.6627549889139055
-1.6589418179746902
-1.6551498895709003
-1.6523098136327230
-1.6488029888333977
-1.6445765440441380
-1.6414756616921229
-1.6371168766508992
-1.6346014088959842
-1.6301153041571801
-1.6263287370383994
-1.6228406145551260
-1.6177323726220338
-1.6148090276806937
-1.6104365521568313
-1.6041856190741286
-1.6001182769447593
-1.5957975501107056
-1.5910647110085225
-1.5860670464011872
-1.5815919728587249
-1.5758430019259533
-1.5711037909910117
-1.5625615252910940
-1.5593283110208491
-1.5534660734479451
-1.5483963204016962
-1.5399461494493807
-1.5371908031208832
-1.5303121370799471
-1.5213897294002916
-1.5156944097821639
-1.5088228306527045
-1.5002876010038819
-1.4945848688940075
-1.4844911208455278
-1.4793781681606957
-1.4681772574968457
-1.4623226477773625
-1.4550577401353322
-1.4402982308757901
-1.4355186559508804
-1.4226055840061422
-1.7029030423333382
-1.6993248781993480
-1.6975157801160570
-1.6941199858910456
-1.6923279293891986
-1.6887276567890779
-1.6851958520069876
-1.6827341414851711
-1.6802084319137203
-1.6771515787256104
-1.6733572516224517
-1.6701460962234587
-1.6664214107130155
-1.6638096791812200
-1.6601215693327338
-1.6568682710545390
-1.6530402613647928
-1.6489244393853977
-1.6458606391553841
-1.6429086078721307
-1.6386069919522206
-1.6354099047166710
-1.6301823983548462
-1.6261106759217108
-1.6211568867300514
-1.6173886278518259
-1.6143437599389221
-1.6105110740063520
-1.6048960672735189
-1.6000016799303496
-1.5940519065835135
-1.5880510653772797
-1.5834287023800586
-1.5787953530052630
-1.5728738764945347
-1.5687040882177012
-1.5610293576563601
-1.5560950276477419
-1.5496194864726833
-1.5435649346139824
-1.5359318724631883
-1.5298298357610380
-1.5228103388980248
-1.5156898146241951
-1.5072258992473409
-1.5005766897731858
-1.4938896964267945
-1.4855810527949267
-1.4781779814866660
-1.4688549339406221
-1.7227559660976219
-1.7195633085510282
-1.7182727816022072
-1.7158772579331441
-1.7120939284359522
-1.7097829794590327
-1.7074411963658407
-1.7041892578513984
-1.7019290467340047
-1.6982546634394939
-1.6955137727523624
-1.6931090885667244
-1.6901746259294654
-1.6857754140366921
-1.6827052799377364
-1.6793447741248924
-1.6757484721445488
-1.6723787356414233
-1.6698887748462008
-1.6656721469573896
-1.6633613133179990
-1.6586825485431489
-1.6558642518270421
-1.6517079709973330
-1.6480993422015531
-1.6442586208338641
-1.6397464330588087
-1.6357774276099557
-1.6322520554688964
-1.6268938952271117
-1.6214260400394789
-1.6179585141990447
-1.6125144705518886
-1.6097135224824823
-1.6038718728208889
-1.5992935877949903
-1.5942696101305460
-1.5870083476417312
-1.5830236218206670
-1.5772293952119099
-1.5704371065423630
-1.5650765379550622
-1.5589085654358854
-1.5525621247815371
-1.5470228974299567
-1.5398946341985251
-1.5327235145965068
-1.5259455314401080
-1.5176208778211322
-1.5096289738054460
-1.7434223294458355
-1.7414540799806826
-1.7388425752890351
-1.7363758678151830
-1.7341767244789921
-1.7313244413058138
-1.7289816936860454
-1.7267135920603736
-1.7244095133965180
-1.7209606106215301
-1.7179635278349301
-1.7155242437741924
-1.7120624583983319
-1.7097371336838258
-1.7074039528957321
-1.7039828228766152
-1.7010726945511809
-1.6973491331754753
-1.6946488799584734
-1.6914298607298244
-1.6877230573646813
-1.6844428074490891
-1.6810733764749037
-1.6776125081448057
-1.6738843379779231
-1.6704826197996199
-1.6658674368772781
-1.6623274720086796
-1.6588809601729753
-1.6545713645989419
-1.6508380859635847
-1.6480052282569031
-1.6418823322392746
-1.6371150922737894
-1.6314082172815056
-1.6282481244694922
-1.6237514472072576
-1.6196667587868623
-1.6152191382954384
-1.6091514285557706
-1.6054488303868797
-1.5974099127837709
-1.5936575155818560
-1.5888820342849357
-1.5817041188862320
-1.5770806714657419
-1.5704836628113219
-1.5640734212567013
-1.5570479100773593
-1.5519137830299139
-1.7646280882638967
-1.7634962604866748
-1.7603763797927348
-1.7581144622195533
-1.7564443895490984
-1.7544102562092707
-1.7518007355884135
-1.7485000516052611
-1.7462637369027043
-1.7446286809286935
-1.7412330077972198
-1.7383071449496237
-1.7361373285946309
-1.7335909970811716
-1.7306634288055474
-1.7279462207843497
-1.7247143988153784
-1.7218980467909313
-1.7193138576673508
-1.7168481737853727
-1.7133015964786944
-1.7108297184046153
-1.7076130465584407
-1.7031310159132338
-1.6999323446561601
-1.6968502670040897
-1.6945326199964945
-1.6904032217864033
-1.6864641722142080
-1.6827357575151671
-1.6799701556633533
-1.6747647339507055
-1.6715620285162454
-1.6670306850540033
-1.6642035300510463
-1.6594996173958987
-1.6541811537563973
-1.6503077340413188
-1.6454978500086777
-1.6418731791169350
-1.6372341976975280
-1.6322072064387749
-1.6277757368794068
-1.6224053061445540
-1.6171623944316780
-1.6115103919526195
-1.6070721682642568
-1.6013627735419005
-1.5951052992399815
-1.5881142465772817
-1.7873886910120840
-1.7857198316540910
-1.7831757590145207
-1.7818698853434984
-1.7789140137536532
-1.7765168981982438
-1.7746180211186695
-1.7721857754793109
-1.7696017600211900
-1.7679616580276232
-1.7657605686079423
-1.7635064520825015
-1.7607189381137669
-1.7580045622269624
-1.7555472723306289
-1.7529502080941879
-1.7499730972550001
-1.7479636521664532
-1.7436791375731620
-1.7418918451851579
-1.7391356454853182
-1.7353944999376720
-1.7329711061147695
-1.7300264218478316
-1.7266795446357996
-1.7231712559734933
-1.7212240692656147
-1.7175797472007950
-1.7143788790991090
-1.7110835054837097
-1.7064175753126392
-1.7037073329963954
-1.7001508679170403
-1.6960281872228222
-1.6936890945887866
-1.6895744594409319
-1.6838979997766290
-1.6820872149815471
-1.6776965235582488
-1.6729324528014546
-1.6691749861900922
-1.6653041792696848
-1.6601150792704262
-1.6544130189454129
-1.6510603037682750
-1.6451030241074580
-1.6394171990507929
-1.6363885703229979
-1.6292601406431693
-1.6249271318577683
-1.8099159668288627
-1.8086910456922469
-1.8065632343205402
-1.8047662637107644
-1.8024195949356638
-1.8007905700637508
-1.7980958699544991
-1.7968857401713711
-1.7945699442749543
-1.7922263651887360
-1.7895979284547672
-1.7879924301122707
-1.7858453348397694
-1.7830250805693419
-1.7805481480031184
-1.7777002027416091
-1.7758265785234106
-1.7729939609853551
-1.7705852702228817
-1.7672528836696517
-1.7649082982796742
-1.7623791692114212
-1.7596727891893762
-1.7565739171805461
-1.7533237159088235
-1.7514892748728403
-1.7488234442380972
-1.7453751672976667
-1.7413125578644315
-1.7380925434629972
-1.7352352764754408
-1.7320958912697524
-1.7290999186078055
-1.7241338903453840
-1.7226940388530907
-1.7188224718985459
-1.7147326442294462
-1.7110652705537139
-1.7076923075517447
-1.7027851370793856
-1.6986604707459585
-1.6967446022100880
-1.6923249131883193
-1.6872532019014597
-1.6835676132239861
-1.6792351986606366
-1.6752862884699218
-1.6695301950521582
-1.6663306901166084
-1.6605298177337848
-1.8352428186257996
-1.8328187471059580
-1.8307756796564789
-1.8294085363269201
-1.8275766823211665
-1.8250166436827286
-1.8236283504833102
-1.8209020769414517
-1.8200074092556378
-1.8167240247369159
-1.8146046199067849
-1.8132194627771197
-1.8097790878724920
-1.8086726827442983
-1.8063463177551933
-1.8034504310397543
-1.8020096161582668
-1.7992391186071515
-1.7971007010229139
-1.7950388400031727
-1.7917144852670137
-1.7884515579940461
-1.7870386887695167
-1.7839267355786836
-1.7809021960165132
-1.7780549158553418
-1.7760245216380515
-1.7729133546636118
-1.7705249618611283
-1.7672150520809646
-1.7638010317187118
-1.7622576148389930
-1.7583428118231126
-1.7567221205021184
-1.7524959733978032
-1.7497388786127377
-1.7447909649043820
-1.7419973619301965
-1.7376477232428218
-1.7357306109713528
-1.7317463404501867
-1.7276118312205864
-1.7230254208459914
-1.7194685774524967
-1.7166539985897356
-1.7133739080227262
-1.7089776850225979
-1.7044943996896054
-1.6991482953664234
-1.6950179987374423
-1.8595943615850854
-1.8572703355913276
-1.8564232439035728
-1.8536971320425266
-1.8519085247923965
-1.8505599138437907
-1.8491303571265183
-1.8465550022727755
-1.8445671090624962
-1.8428878608483226
-1.8407480084648176
-1.8386270473141983
-1.8359230493105545
-1.8341388778301424
-1.8320216611999804
-1.8302868503613556
-1.8278259535323880
-1.8259522363388014
-1.8234549782519291
-1.8212239042328435
-1.8187410827394075
-1.8164639660384461
-1.8142305579201270
-1.8122286115189041
-1.8096131289955368
-1.8065149867577051
-1.8050820724447005
-1.8012688351115269
-1.7989483399014981
-1.7953447083853615
-1.7925138112870662
-1.7903807664950628
-1.7877767167205525
-1.7840207087328819
-1.7813062015785561
-1.7788848753595254
-1.7753541375123243
-1.7720216628016552
-1.7696196851308266
-1.7660208507479240
-1.7627019085820046
-1.7587234484721632
-1.7557165701416972
-1.7514902254134148
-1.7488103694472528
-1.7445320885277393
-1.7401578214916780
-1.7376164459324657
-1.7325206603394014
-1.7287391590781629
