-1.9323535840277775
-1.9296128177083334
-1.9280671152777780
-1.9257980621527777
-1.9238993003472222
-1.9208618597222222
-1.9190986395833336
-1.9162772427083334
-1.9133667489583333
-1.9093348815972222
-1.9076571861111111
-1.9058336902777779
-1.8997613465277778
-1.8987296267361111
-1.8922473972222222
-1.8906407489583335
-1.8848297593750003
-1.8838217833333333
-1.8796176059027776
-1.8772891072916664
-1.8674928215277780
-1.8682271927083332
-1.8601289861111110
-1.8564887173611113
-1.8462977645833334
-1.8414614559027780
-1.8265366680555555
-1.8264393086805555
-1.8139373291666669
-1.8022095079861111
-1.7899398076388888
-1.7764696840277778
-1.7714941725694446
-1.7426157979166665
-1.7288441881944445
-1.7091746666666667
-1.6923263531249999
-1.6758350548611112
-1.6400308815972222
-1.6085003701388889
-1.5714741392361111
-1.5489141864583336
-1.5063301840277776
-1.4582377152777779
-1.4071012729166668
-1.3689142736111113
-1.3098265111111111
-1.2708609965277777
-1.2434445538194445
-1.1752894788194443
-1.9315686594541337
-1.9287687741168058
-1.9268673631950561
-1.9244025713571939
-1.9220559200035174
-1.9192670588420704
-1.9178293861573488
-1.9134874321703275
-1.9119963224147627
-1.9080950066655034
-1.9064136529594653
-1.9028990611553833
-1.8998270929111125
-1.8980642006306658
-1.8935345356729256
-1.8907150825250625
-1.8856687500618152
-1.8791488152042324
-1.8745265320622044
-1.8676334253246334
-1.8690330948353582
-1.8610546462401345
-1.8537494446253495
-1.8441434248753177
-1.8446619530877078
-1.8345970024863485
-1.8258152195398720
-1.8114687011019686
-1.8005469903677458
-1.8000520514758673
-1.7842067520573701
-1.7681935534485904
-1.7551131968803704
-1.7393493603696173
-1.7192915786375833
-1.6877448311954970
-1.6703244147872163
-1.6508734531627549
-1.6185860027426557
-1.5806223074250501
-1.5268374987529068
-1.5021259904561017
-1.4457686198943047
-1.4054625767031637
-1.3655851018094463
-1.3242788273124535
-1.2820149835645616
-1.2187728832032638
-1.1842327311854648
-1.1206341411504508
-1.9285439923689032
-1.9270114738073540
-1.9248004719209462
-1.9229607690598043
-1.9189127163245390
-1.9164623994084069
-1.9148194129499561
-1.9114648396044411
-1.9098606710754380
-1.9061837786487257
-1.9048750716161971
-1.9000265998775039
-1.8968965311498083
-1.8925650842545272
-1.8885328619553701
-1.8852608108877622
-1.8806157839328672
-1.8758190838196525
-1.8730858066242544
-1.8662112622179494
-1.8629942654600937
-1.8562029655777954
-1.8513932951265102
-1.8410506631831547
-1.8362214327129724
-1.8314306297270670
-1.8191779944446769
-1.8079774520311054
-1.7967909544036589
-1.7869840786213596
-1.7670064069405869
-1.7492023884950314
-1.7453296718526046
-1.7181178471862415
-1.6985820050575036
-1.6785723005605189
-1.6551032162242238
-1.6206365564366327
-1.5745199656103135
-1.5285595596345249
-1.4933106691966966
-1.4822725369298375
-1.4486804859981821
-1.3867617729348440
-1.3450189648314870
-1.3156199630192686
-1.2472078465776066
-1.1663916659704714
-1.1258260023636615
-1.0737994207328296
-1.9268459930924935
-1.9275449976388574
-1.9232356990469082
-1.9197353554744434
-1.9195273988226029
-1.9155847215092348
-1.9115860840506487
-1.9105601706607152
-1.9053273673565871
-1.9024462242909115
-1.9004237604746861
-1.8973895378544927
-1.8953878811155020
-1.8907116777060078
-1.8865549394216414
-1.8818145348513866
-1.8771788878012481
-1.8725848162837755
-1.8678055114070606
-1.8638900002388969
-1.8590469801699332
-1.8500416997400362
-1.8411208413454565
-1.8367442687277693
-1.8276900359634471
-1.8190885627416467
-1.8132902122315682
-1.7957221885866039
-1.7849493145896613
-1.7694369851168927
-1.7486871374374140
-1.7417743440318152
-1.7197913407565033
-1.7071244735698761
-1.6717773311548543
-1.6440130833905644
-1.6234789360479147
-1.5859922751208182
-1.5582544008991348
-1.4986602530746036
-1.4643484249254124
-1.4602011473081336
-1.3652369273772369
-1.3242361951524930
-1.2918304910994345
-1.2378654694065629
-1.1627663454214305
-1.1391207679665376
-1.0940320529682777
-1.0370908404814767
-1.9237264690962779
-1.9213713673857653
-1.9198850840757882
-1.9171222657289815
-1.9151333035250235
-1.9118435670400034
-1.9099583884373190
-1.9067064916769665
-1.9045330786793668
-1.9017511028993976
-1.8982859954268738
-1.8935345710159770
-1.8890680895054319
-1.8870610332699593
-1.8808682551439269
-1.8790450454254826
-1.8735943192133730
-1.8687953519630622
-1.8595840933913594
-1.8593454148888569
-1.8529241810641284
-1.8442453145772246
-1.8403801253346812
-1.8282966198616413
-1.8201729308200774
-1.8066631686437900
-1.8010898424141832
-1.7860986568143855
-1.7787262865040563
-1.7652504645715987
-1.7428528632551930
-1.7223460187383517
-1.7153443433298428
-1.6663737100180798
-1.6556626461529917
-1.6256679652628792
-1.5716374431830391
-1.5589965095457763
-1.5391931094618323
-1.4682655773359974
-1.4219846550717044
-1.3851354264895961
-1.3333955352459961
-1.2791062768706507
-1.2163388383946032
-1.1752859973043235
-1.1286730512049281
-1.0790694309679563
-1.0315615686114965
-0.99923576947777859
-1.9217438177414978
-1.9197557502329115
-1.9166111366860714
-1.9140938167607717
-1.9111994499012752
-1.9075231714558361
-1.9051855465917567
-1.9035582111825786
-1.9009952395902845
-1.8979652480991167
-1.8937625387310328
-1.8889652870925637
-1.8894363875507081
-1.8805871853085760
-1.8756977732169358
-1.8713210184239384
-1.8677555876582674
-1.8625004623377994
-1.8580350003693162
-1.8477903245057337
-1.8438733268183880
-1.8366743826730128
-1.8295013499978101
-1.8225334102015178
-1.8076571523872258
-1.7991583256078298
-1.7843039989065856
-1.7709694843498489
-1.7577905056216887
-1.7501403195503458
-1.7204346175915610
-1.6975717485581123
-1.6794465954994964
-1.6465926629740091
-1.6136759464754384
-1.5864776851341738
-1.5557220267259781
-1.5188020614503754
-1.4749040026974312
-1.4297378515519588
-1.3609064998982836
-1.3191678448031208
-1.2706635787754543
-1.2337937757026523
-1.2017119064164230
-1.1673016912275167
-1.0968313513224031
-1.0400942452172457
-0.99892192797439150
-0.94254003548178822
-1.9185889108464356
-1.9159754491297762
-1.9143167587549916
-1.9116220608109589
-1.9080140324183417
-1.9059670784872997
-1.9028684939978464
-1.8991299430523165
-1.9014053397114326
-1.8916026764991101
-1.8887926788946574
-1.8820685278581988
-1.8810507538151766
-1.8730893065211518
-1.8735839917556321
-1.8648892264326971
-1.8616306333447301
-1.8520650560259473
-1.8437182657542470
-1.8439888565976394
-1.8338953162169094
-1.8220916439274015
-1.8161695589327662
-1.8055091125393778
-1.7996113448238067
-1.7816573390301496
-1.7775745701681491
-1.7650142850144759
-1.7371486384674373
-1.7178057774250028
-1.7041006819131668
-1.6711843316975230
-1.6531656529295784
-1.6189584587750778
-1.5923197028295697
-1.5495468187110848
-1.5037802320640019
-1.4793467783936629
-1.4301622497815241
-1.3815010044820903
-1.3323179359036723
-1.2911504833125795
-1.2281711768366472
-1.1820594437763163
-1.1557649412688251
-1.0937482667577727
-1.0435881012601795
-1.0152615044464903
-0.95837388954154201
-0.91943053011448583
-1.9217955045452111
-1.9126819060468345
-1.9109628773305536
-1.9085524833390737
-1.9073454002432371
-1.9006194524829698
-1.8991689229686557
-1.8982963936578645
-1.8908510811482191
-1.8867096449670351
-1.8828746573591557
-1.8805893888298582
-1.8734973510995090
-1.8683003044490800
-1.8670793737369529
-1.8573820318100023
-1.8544632603863869
-1.8494287079543352
-1.8401269295849063
-1.8347479435183247
-1.8230364878223735
-1.8173064796982972
-1.7986314496378430
-1.7962594050789340
-1.7821322031839744
-1.7695551265346963
-1.7560034539394094
-1.7312755703223679
-1.7180777720570843
-1.6996165188548651
-1.6707825756562129
-1.6570901839973744
-1.6151743453277270
-1.5856651969603694
-1.5678863554754523
-1.5110541460160216
-1.4875012155812781
-1.4337198545817540
-1.3855823915146865
-1.3413700636181458
-1.2945997603852930
-1.2438851920945868
-1.2049328195022115
-1.1484763454433382
-1.1016440468991477
-1.0474541469758643
-1.0034656352927971
-0.98313839288377003
-0.93330792111764160
-0.86844010925267756
-1.9122527145183104
-1.9079898662604198
-1.9059713690668454
-1.9106569274061469
-1.9000810547196503
-1.8956996476318528
-1.8935857368941629
-1.8902195469814416
-1.8882771583506239
-1.8810885426754131
-1.8772472916661860
-1.8735101541026538
-1.8691461854031408
-1.8629983695969290
-1.8579496210883844
-1.8530766532303957
-1.8438420276179153
-1.8410669978943208
-1.8300803436674944
-1.8205539846468461
-1.8092900251863648
-1.8062814094906241
-1.7928018200314790
-1.7787398367657932
-1.7681870533053694
-1.7558183701341632
-1.7297452517829863
-1.7109656258154926
-1.6987887065446410
-1.6802713676839423
-1.6545967947575071
-1.6207433868072054
-1.5846683598156148
-1.5486213764539878
-1.5174540105761811
-1.4811375723837306
-1.4103505398184806
-1.3806935914373186
-1.3145964359389473
-1.2842802449674369
-1.2253493573441425
-1.1952282512800250
-1.1532514556478439
-1.1107787324594600
-1.0592680949710906
-1.0007872619082143
-0.95175851456984895
-0.93015404434721083
-0.88905041863692125
-0.86770629970146052
-1.9069530718293772
-1.9107525315424649
-1.9118505773774084
-1.8974140275201492
-1.8938941312245094
-1.8918881040229276
-1.8883893827175808
-1.8861689317623593
-1.8778617627101815
-1.8750673502000426
-1.8701533616363422
-1.8631896273034247
-1.8638939123227034
-1.8568932146883921
-1.8510642202685952
-1.8461746198545366
-1.8359156102744774
-1.8291493758454651
-1.8235010678138726
-1.8129455119249320
-1.8015556283162582
-1.7917609976352122
-1.7731214643630695
-1.7605198459929574
-1.7502392253193253
-1.7311501731864238
-1.7168215149100154
-1.6924971584454604
-1.6588424913831230
-1.6397036068042334
-1.6067065288278450
-1.5603761338799917
-1.5295767743919955
-1.5137593491005583
-1.4562403560087871
-1.4265064727545103
-1.3852048492200448
-1.3081779420587631
-1.2858983014709442
-1.2380270786523997
-1.2032987969138460
-1.1373369814140808
-1.1026169394125243
-1.0545961077429056
-1.0002066308018767
-0.96571982549651814
-0.93484818150266547
-0.89652036823405823
-0.84349002735799261
-0.83946963993723023
-1.9017855797850487
-1.8976422994337641
-1.8959066558180533
-1.8922320044364618
-1.8910244505005889
-1.8853472058231810
-1.8901041159996903
-1.8788006988453196
-1.8745929569487971
-1.8677421831673857
-1.8618216273646913
-1.8625748106377233
-1.8531080926556274
-1.8522306061278175
-1.8376770828178850
-1.8365116189229118
-1.8264266049425204
-1.8190077333452601
-1.8069467264068129
-1.7978006963784570
-1.7874396986402203
-1.7762312609335522
-1.7577595594397397
-1.7415245507376800
-1.7225448365341165
-1.6987401193262390
-1.6711844133087863
-1.6683239556752005
-1.6407228137463115
-1.6129310172540137
-1.5700641142707139
-1.5167758844504549
-1.4957948047555887
-1.4566971565862135
-1.4158867543975457
-1.3616864080835336
-1.3166504000462349
-1.2960007138381782
-1.2365609617625939
-1.1823587636389954
-1.1399201708828259
-1.0926127827821421
-1.0427918853501090
-1.0122240762209949
-0.97252582867667159
-0.92362221020340207
-0.88495186196320008
-0.87262942799354082
-0.83911745891243461
-0.80082518108535983
-1.8934421173013041
-1.8919370609061923
-1.8944609392412843
-1.8929712927563662
-1.8834137984316353
-1.8803990740026069
-1.8755832545604352
-1.8692890249488068
-1.8659574451270808
-1.8590461608536850
-1.8540327561309407
-1.8495065864416820
-1.8421039670675654
-1.8361950111228988
-1.8298375953828798
-1.8174270968907669
-1.8138326082438303
-1.8051180326716196
-1.7876139844144678
-1.7825304108333357
-1.7624279037319401
-1.7525672021970466
-1.7347675277060361
-1.7151781997614017
-1.6986627309150455
-1.6700287386817938
-1.6524156712998699
-1.6278915642603433
-1.5936523316446132
-1.5691532866609128
-1.5297442963339754
-1.4843231924826998
-1.4355876639277847
-1.4230692423273317
-1.3668638829945801
-1.3119838690556245
-1.2724044855129504
-1.2277049232192008
-1.1814623813167908
-1.1357897885271067
-1.1026548268730214
-1.0720125562461937
-1.0110580764990116
-0.98738798339007461
-0.94477447150835991
-0.90945215886121822
-0.86752845284976166
-0.82810030399107282
-0.83168202084460541
-0.79494364130007256
-1.8948667659616056
-1.8894554606506486
-1.8799050788751797
-1.8787547247662060
-1.8724544032075383
-1.8687802131237672
-1.8649886619147895
-1.8605975816501423
-1.8557862709667328
-1.8484625915269233
-1.8480736998333553
-1.8424968624808307
-1.8322873887455882
-1.8247784471206689
-1.8162632341934808
-1.8078967668721369
-1.7973166503614104
-1.7897486792036414
-1.7774972784136953
-1.7665158294635306
-1.7498647802424279
-1.7352438920347031
-1.7171803153015337
-1.6911425801046418
-1.6639883020120716
-1.6361448988353897
-1.6086756582171102
-1.5812535473742610
-1.5492165714806203
-1.5240561501472099
-1.4923261885338610
-1.4648812445394432
-1.4039177914611729
-1.3649536101394639
-1.3220697987924384
-1.2838426304177681
-1.2355435441951179
-1.1921838161494973
-1.1494655385260659
-1.0848514071092277
-1.0648222479191312
-1.0190692959947840
-0.96656055460323842
-0.95360081591033419
-0.90280910158610661
-0.88623072608815301
-0.84601149186963331
-0.81279680404773247
-0.81336452321634201
-0.78588478838663622
-1.8827284831383051
-1.8783852606437739
-1.8758755111779262
-1.8706540686720845
-1.8656571998922473
-1.8588527696079242
-1.8535879639520050
-1.8594145533506645
-1.8446400805249819
-1.8408955943921290
-1.8346079533319331
-1.8228332745900429
-1.8180846097160712
-1.8015691447162598
-1.8003935280139463
-1.7915421316904054
-1.7734740209400046
-1.7658742641481051
-1.7526853182422764
-1.7437102188291564
-1.7217643616724405
-1.6964358862878590
-1.6723467656945199
-1.6483209796242957
-1.6451993254605215
-1.6177965365371267
-1.5734436612783662
-1.5538490295690028
-1.5156569437145688
-1.4878786532253738
-1.4426889564743419
-1.4066280937967033
-1.3549689458608931
-1.3199433227586319
-1.2844120558101713
-1.2316241493857139
-1.1750088307292559
-1.1259791959152226
-1.0943057067947766
-1.0605284944859423
-1.0166560193009471
-0.99741231514117012
-0.96129524589504123
-0.91724048913677825
-0.89395846722857342
-0.85476182979160675
-0.83028176179177693
-0.80094980135949134
-0.78047969195229372
-0.77239527293241284
-1.8702736146740395
-1.8669329385959128
-1.8624122401552112
-1.8674825386764060
-1.8601664916783258
-1.8487203659466749
-1.8408304589038140
-1.8335842358979824
-1.8300017272537425
-1.8242332183230505
-1.8212943035934666
-1.8091333676725216
-1.8068559417208907
-1.7883210476171938
-1.7793236553389571
-1.7697660637132575
-1.7512416758817249
-1.7486304085788476
-1.7280120478270997
-1.7119415544562857
-1.6983514131591460
-1.6754983946502051
-1.6553652330240090
-1.6239076303082121
-1.6080440977763051
-1.5855363611261430
-1.5394679802271161
-1.5071728025719453
-1.4703360466008917
-1.4380569716327449
-1.3945978744269736
-1.3576816722268543
-1.3039748981648021
-1.2661362030851029
-1.2360426500521990
-1.1822388625193652
-1.1434390628749955
-1.0994391844172005
-1.0636693926718026
-1.0397044026669162
-0.99673209648139705
-0.96836696647277876
-0.92496936812303232
-0.91173488475170172
-0.85857508935903848
-0.83318467456218259
-0.82436349557684474
-0.80297954046090247
-0.77890108549612547
-0.75999006168351113
-1.8655106124168424
-1.8607767053505748
-1.8524789971098155
-1.8488169955497682
-1.8409178689125514
-1.8365351890503669
-1.8289907848706604
-1.8219874301480425
-1.8192216790332520
-1.8122065951969253
-1.8030579265221409
-1.7936295149595327
-1.7811760389671991
-1.7719534112832322
-1.7677773455526375
-1.7463239806778752
-1.7310526918940803
-1.7171035162225412
-1.7063509425526260
-1.6760036248778973
-1.6599276640053502
-1.6312377664411950
-1.6086207687093692
-1.5871125497029799
-1.5551200122003097
-1.5038983167508693
-1.4892931649221859
-1.4583305690325661
-1.4244705859984856
-1.3723256057579665
-1.3460847815949795
-1.3003868703710832
-1.2692938440117763
-1.2092313970701578
-1.1851159180220530
-1.1380473675420855
-1.0997164854198507
-1.0558225177749325
-1.0262928668405711
-0.98892106201237062
-0.96400071699201717
-0.93974489370461833
-0.90861845018014642
-0.87510182607931941
-0.85677720960986270
-0.83627267250697179
-0.81761921499937162
-0.78717553529041628
-0.77329270827179908
-0.76173948976292805
-1.8499123023446487
-1.8423635833192280
-1.8422298370092376
-1.8357288771960860
-1.8342931938069862
-1.8262573137443117
-1.8210364664994496
-1.8065932449815527
-1.8001690425455865
-1.7838424125681225
-1.7799496967555466
-1.7693083639800598
-1.7601199551541753
-1.7506222502107276
-1.7342328787359536
-1.7242039077818996
-1.7068052042768633
-1.6923807207455051
-1.6681357078922037
-1.6432435706388688
-1.6250600815173208
-1.5920416006452640
-1.5843012950616961
-1.5437049695980802
-1.5119327537601643
-1.4754292313593547
-1.4474367529925376
-1.4219265743501386
-1.3865104152328875
-1.3460594485207673
-1.2934237761910377
-1.2656717203779799
-1.2332562239519700
-1.1917344487066523
-1.1377194195367233
-1.1204447914533584
-1.0679698955654493
-1.0136539898029377
-0.99859505686595307
-0.96533784079903029
-0.95667791085862541
-0.90917444051636387
-0.89375486826050321
-0.85692930980892357
-0.83986824167564633
-0.82973885442517237
-0.80247230427797211
-0.78913034789129644
-0.77056662161122724
-0.76303715646602288
-1.8401939991181608
-1.8315241101908297
-1.8263990398808394
-1.8188013298253720
-1.8106641685348430
-1.8028730598940486
-1.7939339115732986
-1.7909586168953426
-1.7779840628974748
-1.7686282291021902
-1.7618311104067865
-1.7485207249095209
-1.7372904245049983
-1.7268971600742324
-1.7019653451332384
-1.6838050561027584
-1.6718506652392284
-1.6572741088541387
-1.6297956894762229
-1.6103060174710508
-1.5946927871089696
-1.5611937118716230
-1.5382607441688729
-1.4975344906869019
-1.4785445258152992
-1.4519776533357573
-1.4091642489935619
-1.3762873611350819
-1.3293821577456177
-1.2952339951866176
-1.2681639076644504
-1.2143760548601490
-1.1862174025981826
-1.1474382790367312
-1.1087196675569626
-1.0841564906180476
-1.0533948283659098
-1.0206304674503524
-0.98974381091826502
-0.95655100355383083
-0.92628848882095582
-0.91227987660006582
-0.87865228461748701
-0.86493622705751172
-0.83778610996042813
-0.82348644668664583
-0.80231132410259098
-0.79171552873465911
-0.77219540405323706
-0.75990841547709764
-1.8185347706671848
-1.8127658416750707
-1.8095545064857019
-1.8115275194131146
-1.7902628408130903
-1.7830040064891055
-1.7772563445203442
-1.7647126566567497
-1.7582155715261150
-1.7490459476330711
-1.7322762851264100
-1.7173365024050162
-1.7062944176094539
-1.6932303491574854
-1.6683580653269174
-1.6680256720499285
-1.6452147460697983
-1.6198774493279240
-1.5988203874247275
-1.5716035324750928
-1.5609984871415163
-1.5346554642758621
-1.4884673208415267
-1.4626682305827738
-1.4380052438540689
-1.3965457774207453
-1.3628830472616962
-1.3260426833977026
-1.2951268141624570
-1.2677605655701814
-1.2353342726294376
-1.1968863273179862
-1.1512634548555027
-1.1219073361386560
-1.0917817160730945
-1.0588312795462507
-1.0267250850310594
-0.99563217794795733
-0.97458456262611526
-0.94411163922347940
-0.92306689618999604
-0.90124435225380806
-0.87964355381324744
-0.86188777802267724
-0.84425187834513338
-0.82397786944576845
-0.80394020172135616
-0.79305107760629767
-0.78350313300873231
-0.76555622697071746
-1.8034349190814711
-1.7936292905078193
-1.7833884117041015
-1.7782741592720379
-1.7689887290659161
-1.7611141889211337
-1.7488414505528447
-1.7404464017074650
-1.7311055676054132
-1.7177975107574699
-1.7089983360377252
-1.6895780010161676
-1.6697109410889099
-1.6634004213942000
-1.6458754279192243
-1.6309488675756016
-1.6014393961289206
-1.5875795112167057
-1.5564584336809453
-1.5319712431051877
-1.5172725801386528
-1.4839130624710792
-1.4647240953684473
-1.4140741309173259
-1.4006448670323028
-1.3708421949652099
-1.3333359330828496
-1.3041251812981465
-1.2627026917439226
-1.2261699136174786
-1.1965382030004119
-1.1670984120434149
-1.1384366083512456
-1.1103857262247476
-1.0704451104633284
-1.0471126914398918
-1.0260077394930365
-0.99772409759972547
-0.96000658761056479
-0.93682756923886656
-0.91716985018982333
-0.89749161918906728
-0.87634479780381169
-0.85973210371494091
-0.84475387560520576
-0.82886070079430829
-0.80601532955865196
-0.79975753666145222
-0.78096448326953583
-0.77307062879193966
-1.7807389824093249
-1.7762513042220620
-1.7577667648413184
-1.7547371782888537
-1.7469045907273046
-1.7352527957409716
-1.7254591450876875
-1.7136829507158522
-1.6987779812659676
-1.6859882675776929
-1.6759394484246306
-1.6578552664106339
-1.6465150838259730
-1.6220847652912631
-1.6074438642753908
-1.5808545158700509
-1.5720257025578266
-1.5448025537467476
-1.5235519070021259
-1.5042176866808781
-1.4747946437802770
-1.4423014944418739
-1.4261036387156585
-1.3915188352593901
-1.3589051909982313
-1.3378785249279395
-1.2965402223761993
-1.2583598313081061
-1.2475706675587910
-1.2088377958736463
-1.1881748066284676
-1.1482150708396179
-1.1200392927773779
-1.0911797425540162
-1.0613437331184270
-1.0322175233821147
-1.0135451819980879
-0.99056801713838338
-0.96662483783403474
-0.94243718609037286
-0.92356725305311449
-0.90361410569665024
-0.87443748904456586
-0.86840420828962817
-0.84968767836642967
-0.83367088268509348
-0.81925246020034648
-0.81362118554616369
-0.79245518660194447
-0.78375092605589680
-1.7539291273958550
-1.7465627039104472
-1.7349242089087775
-1.7251096539322421
-1.7194093725589110
-1.7052566887352170
-1.6938099450073780
-1.6852788488086197
-1.6722924402492412
-1.6609844515466734
-1.6405545705357296
-1.6289553863165533
-1.6033608557635393
-1.5899677043869449
-1.5740910438716633
-1.5604290489300552
-1.5302315347709634
-1.5157925146138855
-1.4929349691988330
-1.4719642348737865
-1.4535098473619914
-1.4143140559955987
-1.3904530641672344
-1.3629415143004817
-1.3265904907275963
-1.3006112861370067
-1.2709966090438647
-1.2499603366543868
-1.2240608166763212
-1.1955801494030216
-1.1670584369521078
-1.1381251074084480
-1.1111572294660714
-1.0788600212719446
-1.0571202206395267
-1.0416561196334699
-1.0102116091278586
-0.98225249133116721
-0.97114673622755199
-0.94800962207025585
-0.93270334006095368
-0.90787501701525031
-0.89459366041607780
-0.88102658408744694
-0.85998244974632887
-0.84600504223231465
-0.83516590308746619
-0.82389954201495719
-0.80777272839975434
-0.80167182089721889
-1.7258794313290564
-1.7187651268185571
-1.7059539068635217
-1.6986057636954237
-1.6860556867205949
-1.6736369269574940
-1.6622064352692068
-1.6569614779255823
-1.6413755036472031
-1.6212254206435486
-1.6148873804274690
-1.5914240908330792
-1.5722317346023045
-1.5617622002909071
-1.5395621873575269
-1.5231989160469521
-1.5018896935379731
-1.4800274146176666
-1.4646135997865817
-1.4437623537274036
-1.4188573982229713
-1.3978042539599256
-1.3628865808994384
-1.3433566414893130
-1.3131865274172609
-1.2860806309586841
-1.2658158944714921
-1.2412635919961228
-1.2217145962794680
-1.1834405706776587
-1.1562021688679875
-1.1298551901849454
-1.1115502992652724
-1.0924206675413839
-1.0541900103540127
-1.0425947175707029
-1.0143240082782916
-0.99692047976199349
-0.98333720609541919
-0.95743060592327234
-0.93836062054674430
-0.92276185621944307
-0.91029669419289094
-0.89014067694314669
-0.87792042853809749
-0.85902195172954821
-0.85008200195954975
-0.83579532720474592
-0.82395130252555004
-0.81540355398036879
-1.6972117283705261
-1.6917018671370487
-1.6757755308209379
-1.6721117922965938
-1.6569995673693174
-1.6446810364692452
-1.6368119895373623
-1.6240837183913912
-1.6063662202868980
-1.5963590556537808
-1.5793141634941199
-1.5641899886898787
-1.5503382174310190
-1.5333360377858367
-1.5162960223461108
-1.4953280409705298
-1.4781284988541659
-1.4590116391415906
-1.4432740886809432
-1.4164063437680050
-1.3923830572122704
-1.3697214014568593
-1.3394953020727576
-1.3312344981976008
-1.2997310060962641
-1.2806699574105669
-1.2509519534138225
-1.2356764672660334
-1.2090292628633972
-1.1835198921055956
-1.1680247647107500
-1.1365133075426590
-1.1142987880059507
-1.0963415834605397
-1.0710315543604780
-1.0515019222656656
-1.0276300784174173
-1.0073777416128455
-0.98996420328841639
-0.97005363794065624
-0.95746672026661750
-0.93791493586415597
-0.92219390636278342
-0.90535620092741176
-0.89068908767228672
-0.88302337409837817
-0.86805038811702095
-0.85301612261699200
-0.84187749205313489
-0.83106987218418837
-1.6727406463899548
-1.6655857658191036
-1.6557839437627260
-1.6426285704230408
-1.6287258227659152
-1.6181514708562916
-1.6082331701999117
-1.5962887802264869
-1.5769595427582181
-1.5683982554932825
-1.5502674741753633
-1.5373983544757657
-1.5232057139567365
-1.5070635614471126
-1.4942540901620094
-1.4782582032412435
-1.4588902433821862
-1.4383725270412377
-1.4154568822491504
-1.4018732067133830
-1.3832921659960156
-1.3599097518592966
-1.3422307318360274
-1.3238434864494997
-1.2964684465782916
-1.2849769426278721
-1.2509727030669024
-1.2265795113602134
-1.2071493003916547
-1.1851148201743078
-1.1684508243934213
-1.1472282156456624
-1.1244250272914147
-1.1065692002006309
-1.0844935948087389
-1.0656146118523084
-1.0418747558912931
-1.0230596611707785
-1.0111308793048377
-0.99225897449089318
-0.97497578109214877
-0.95708589499927599
-0.94450825397300364
-0.93041640572099227
-0.91663837757153255
-0.90198096462581345
-0.89127013201958150
-0.87427913901233356
-0.86601144622701332
-0.85115930913117621
-1.6428311910491018
-1.6348729462011378
-1.6288017704555549
-1.6154074594030337
-1.6085183494579891
-1.5939666350762047
-1.5834626110394636
-1.5734299606436819
-1.5599858956069321
-1.5455871296815069
-1.5325811136165495
-1.5201867940981972
-1.5076838511257686
-1.4911772907816310
-1.4748554998964905
-1.4545491846126768
-1.4404431498046690
-1.4281220454473234
-1.4100884073463549
-1.3917079048529901
-1.3699742136570805
-1.3584356547862149
-1.3376065962542836
-1.3141858002347866
-1.2985537422252666
-1.2776980212005202
-1.2589672352386829
-1.2378865034556339
-1.2191472234056380
-1.2032527596910836
-1.1836304672882600
-1.1600377145286613
-1.1425132610468358
-1.1222876829315982
-1.0967269844612739
-1.0843972757771780
-1.0635358565159214
-1.0475511660484449
-1.0331643434849564
-1.0094347057841773
-0.99878564431259520
-0.97670709397590416
-0.96673824013722920
-0.95066808283998738
-0.93817157691424413
-0.92457175902767630
-0.91188717882817882
-0.90424918230397422
-0.89274989182400732
-0.87872244423869117
-1.6233543037104579
-1.6122204543993355
-1.6074487283905743
-1.5920589725004275
-1.5834316269077080
-1.5761538794473786
-1.5638673269984127
-1.5544408086728332
-1.5399096262218306
-1.5309498657890701
-1.5194874737701227
-1.5061191632495419
-1.4899937343635130
-1.4801283323068377
-1.4623666058195772
-1.4505528005586277
-1.4326237258517625
-1.4169340258493994
-1.4047706544712648
-1.3883197961645837
-1.3759744584403402
-1.3561350272627866
-1.3417916059094397
-1.3195842550344217
-1.3032695770595062
-1.2842550467641702
-1.2677139161007982
-1.2562258733747049
-1.2324798397520107
-1.2103693271130114
-1.1914495206186686
-1.1760516141052451
-1.1542369439264586
-1.1459553784101488
-1.1238264613840334
-1.1090924999834444
-1.0914173405448617
-1.0703434527414304
-1.0547882814273806
-1.0370180840807759
-1.0270221991499857
-1.0069785093675458
-0.99417768005342899
-0.97977093004539462
-0.96446180597256514
-0.94996028654534248
-0.93717940917810572
-0.92923032183099252
-0.91609692818770838
-0.90388384829980317
-1.6058041521842261
-1.5974529014902437
-1.5870009252548871
-1.5774897373179781
-1.5708965376344217
-1.5582428091429514
-1.5521662610465714
-1.5393013302807399
-1.5308908584839691
-1.5199434930478628
-1.5070800700336493
-1.4989671263997510
-1.4858679904010283
-1.4680319206139754
-1.4629602189589785
-1.4457694276200259
-1.4308917123354745
-1.4259114187892254
-1.4022047124785846
-1.3919955640082127
-1.3826506370684379
-1.3621147046742350
-1.3479783867289461
-1.3310556006492273
-1.3122446739653191
-1.3017597291031220
-1.2793306782581455
-1.2683790406548463
-1.2538414788148877
-1.2369382211704472
-1.2127347945169926
-1.1970655879547689
-1.1829509196838981
-1.1626916734313939
-1.1453138634781099
-1.1306349017733841
-1.1128633046967142
-1.1006561903943808
-1.0787954081744355
-1.0640776082233894
-1.0538432168699869
-1.0393025497875528
-1.0271641293818461
-1.0077790815410017
-0.99597751570665694
-0.98062867337895354
-0.97060125198711433
-0.95997592606107318
-0.94322381085647600
-0.92956126302349895
-1.5907718355282925
-1.5821157745083998
-1.5750723002001898
-1.5690139691111613
-1.5590784697968125
-1.5491680957780356
-1.5395231269941780
-1.5355941223914058
-1.5252125083796377
-1.5107943560094497
-1.5017463899855008
-1.4901677927838444
-1.4830835376475813
-1.4706115522796226
-1.4575016623569035
-1.4467736106819371
-1.4325305787521605
-1.4250939101089641
-1.4127358241463901
-1.4028792632875171
-1.3871578700021816
-1.3721962480034051
-1.3610908623734883
-1.3470233939240162
-1.3289476465066954
-1.3154949544731300
-1.3024607517134585
-1.2831016046505150
-1.2696530271749082
-1.2485932152926185
-1.2372529891164252
-1.2199516419166356
-1.2040214008381460
-1.1911350098638147
-1.1742572310932116
-1.1586200608212551
-1.1441224018997467
-1.1342042728521582
-1.1096564080267841
-1.1004049383025754
-1.0850227039983966
-1.0717838671968056
-1.0526920791374470
-1.0390494309192431
-1.0301746630694764
-1.0177794314664137
-0.99759984373441590
-0.99109366755527895
-0.97507603801496279
-0.96026326795809547
-1.5835117996525929
-1.5747616506452726
-1.5700445576927267
-1.5596389225867329
-1.5542431956206870
-1.5486022148815044
-1.5390431793746624
-1.5290576048850002
-1.5177388887135566
-1.5115925069803096
-1.5023309028840282
-1.4914346899192819
-1.4832529785583928
-1.4744809481116172
-1.4651489487863358
-1.4559909087745748
-1.4441681940236675
-1.4301435378229010
-1.4206638163165046
-1.4099122399753674
-1.3963165374596902
-1.3838492829598754
-1.3731110472494517
-1.3574225148859431
-1.3463214956206970
-1.3331479455024353
-1.3181497057529346
-1.3028646648936093
-1.2970845363430938
-1.2801131934443220
-1.2666593490626501
-1.2455946555302622
-1.2357709360676030
-1.2190748742435256
-1.2027142348493050
-1.1951412482144625
-1.1763647005826277
-1.1610198736318023
-1.1464684635980325
-1.1339049375957393
-1.1187787098237403
-1.1047603218504838
-1.0887649122522542
-1.0770230373116085
-1.0581607008738527
-1.0490593127764287
-1.0338392270982086
-1.0248974397601827
-1.0098569638411854
-0.99857144008224574
-1.5784544962988853
-1.5731445699522135
-1.5661659829779506
-1.5600907310842025
-1.5544691023216077
-1.5439454735874794
-1.5355637284920625
-1.5302252202208302
-1.5232674569470808
-1.5154296692192799
-1.5076159271462561
-1.4979412955089115
-1.4891188904339063
-1.4809341239846541
-1.4726749597466755
-1.4626082011967556
-1.4507005720339925
-1.4421166091743418
-1.4313157239236218
-1.4243401103004072
-1.4142049957204263
-1.3988676799141311
-1.3878882895283824
-1.3732435900864184
-1.3660242004455150
-1.3523861316646284
-1.3397872818850987
-1.3274954255094160
-1.3130761657604706
-1.3028742047453088
-1.2890386564335750
-1.2746490463293936
-1.2602650850736474
-1.2490069597488684
-1.2379028807560366
-1.2204800223937780
-1.2106475577757376
-1.1946255610916328
-1.1769880985094097
-1.1662751854357278
-1.1497001293028357
-1.1377300137245798
-1.1256043566100233
-1.1140241904055563
-1.0961135070767871
-1.0850786673971136
-1.0736556854379538
-1.0594346814568918
-1.0454240863911979
-1.0311630811794927
-1.5789204534068471
-1.5746920278717420
-1.5699414142634103
-1.5612399339037886
-1.5543933562187355
-1.5480611327541736
-1.5409485098686302
-1.5340281899556263
-1.5293739066140803
-1.5184211207920981
-1.5120765566962922
-1.5059021151490337
-1.4963760958673444
-1.4911530164893607
-1.4795788400172325
-1.4736465473097344
-1.4638852879248681
-1.4556408071264255
-1.4435850353585753
-1.4358434364562427
-1.4252247200911881
-1.4154866254539158
-1.4056214010027337
-1.3961244107428481
-1.3836965806866499
-1.3743282987245493
-1.3631715112877687
-1.3533092102647990
-1.3413853073754369
-1.3266102532165485
-1.3148579998198531
-1.3060373982307771
-1.2932545078529738
-1.2787703710313165
-1.2672846089469425
-1.2564425760396509
-1.2406846355055372
-1.2259083384325771
-1.2176781350967629
-1.2007375956990509
-1.1910787326635761
-1.1731745873619754
-1.1607450636837970
-1.1514247345320991
-1.1406896425518900
-1.1224381027045387
-1.1134202373159343
-1.0968813958564703
-1.0846824069879484
-1.0713228997209634
-1.5818681140077842
-1.5767433826161772
-1.5710436039688771
-1.5653615491723452
-1.5584103398125753
-1.5520742359682151
-1.5481677775000822
-1.5423009481895400
-1.5349646416046707
-1.5307668610338270
-1.5226418672377178
-1.5143800537502512
-1.5071721959134392
-1.5009351814598386
-1.4947951983648309
-1.4836785991092540
-1.4777735403924488
-1.4685827028824003
-1.4611877582936239
-1.4531144434835224
-1.4453771617038165
-1.4358156088597629
-1.4258588980359168
-1.4161376420285159
-1.4065671827244794
-1.3990924831689924
-1.3903517044085372
-1.3777800790445587
-1.3685376346636764
-1.3561321587307118
-1.3434178040154205
-1.3355663750813462
-1.3214424366036241
-1.3093743178286055
-1.2988695510674999
-1.2855346974101403
-1.2767431948301080
-1.2635051852201855
-1.2514842756020841
-1.2390207773293314
-1.2278397176029596
-1.2130357756413315
-1.2024844402398887
-1.1905555822792415
-1.1726180694932573
-1.1640125134566681
-1.1471504363859946
-1.1352955391246078
-1.1228326248472662
-1.1133172198201240
-1.5888051955293538
-1.5819426833654331
-1.5772682094712933
-1.5731411180805601
-1.5675531434862995
-1.5607504812694284
-1.5558671380085534
-1.5501192672844348
-1.5453533045130186
-1.5399515303698752
-1.5321730606328550
-1.5270341440201740
-1.5211385474961057
-1.5119237969088717
-1.5097092912045271
-1.5019538463463764
-1.4933759721485469
-1.4857805548333218
-1.4795847785274658
-1.4712752452777140
-1.4627800925151251
-1.4532614165039091
-1.4454579731035615
-1.4405662229080047
-1.4311859363967270
-1.4200856919738862
-1.4106737040574053
-1.4027485063047105
-1.3951509337208654
-1.3838087092750020
-1.3732350160844331
-1.3633963035484145
-1.3527067766697221
-1.3420210673602340
-1.3316238138141878
-1.3224223003850935
-1.3072881601126551
-1.2967114883200941
-1.2841185411091012
-1.2746313841001669
-1.2636976225597880
-1.2522424722666876
-1.2419220300742562
-1.2276815156183334
-1.2132771555773987
-1.2006837284581580
-1.1920758766778166
-1.1798300232935932
-1.1651277359253083
-1.1567771174360872
-1.5969730675608904
-1.5912922109519458
-1.5869008203407473
-1.5821299565311246
-1.5777826497450751
-1.5735663112002416
-1.5690201403546788
-1.5638168970723281
-1.5574576857277878
-1.5530498615166981
-1.5467468795280270
-1.5401227570338494
-1.5341644733707358
-1.5287598106241482
-1.5214587771261696
-1.5163565456417460
-1.5097334983630946
-1.5043036591899925
-1.4985213735318776
-1.4899155552035881
-1.4826213306135090
-1.4750448864560630
-1.4681984710092431
-1.4612277528936146
-1.4520953400774315
-1.4448579644597923
-1.4377157693191966
-1.4310562791413493
-1.4193064309125094
-1.4096587282835622
-1.4012541219050227
-1.3958796338456756
-1.3827366533822416
-1.3692981097036556
-1.3598830873985013
-1.3545484761558682
-1.3411382751667478
-1.3325525077997487
-1.3191726760788649
-1.3100649695163467
-1.3000376579222070
-1.2899774280335092
-1.2763444376517921
-1.2653292448357858
-1.2554342753048031
-1.2455779770640720
-1.2301179519027086
-1.2208409834642064
-1.2098274586623348
-1.1956829251559755
-1.6055745509587489
-1.6016189571105330
-1.5979200243646665
-1.5928554536829902
-1.5885015050150957
-1.5842673623395305
-1.5799231621781911
-1.5753757909635333
-1.5698598207534724
-1.5668933735208628
-1.5610555230291763
-1.5557746440422249
-1.5488597432160867
-1.5448707305007063
-1.5390990936306848
-1.5342373756648295
-1.5284332356735544
-1.5218177692275416
-1.5144278178657327
-1.5077179644966028
-1.5030321891883518
-1.4953229083687909
-1.4897541005941932
-1.4802303954806371
-1.4745156658535639
-1.4679942072457604
-1.4597287995933581
-1.4546642267066876
-1.4454467638703425
-1.4380263195172289
-1.4305869405953280
-1.4213812948052440
-1.4112947342094246
-1.4025773495471066
-1.3907818233202780
-1.3821035708003744
-1.3741330354583901
-1.3652837239311038
-1.3548867075363871
-1.3447198681623658
-1.3377735872296581
-1.3257420031118317
-1.3163717943123636
-1.3047918628702451
-1.2927787137595645
-1.2811013932047906
-1.2768178348133468
-1.2600473709477877
-1.2523774424390126
-1.2387222069979944
-1.6174687748189203
-1.6148792735375848
-1.6096912564098460
-1.6066198150157640
-1.6024214294420647
-1.5975703423094956
-1.5940886422299332
-1.5882642016512436
-1.5864479011281025
-1.5801743788138645
-1.5759535682808619
-1.5721549338597098
-1.5659060985256223
-1.5623362996751884
-1.5573453672747881
-1.5517797831581639
-1.5459120492904923
-1.5406620817548042
-1.5351393816241281
-1.5290360545308224
-1.5247269991038697
-1.5182470653094959
-1.5118409771629204
-1.5051487123400729
-1.5000906109683099
-1.4929949187301816
-1.4876329091511857
-1.4804520970818800
-1.4717388229606525
-1.4627330530258777
-1.4561912015528955
-1.4484826894314986
-1.4407953945636849
-1.4322955198332150
-1.4229276359832133
-1.4154849363158315
-1.4059149159231461
-1.4014827053638907
-1.3888522073004705
-1.3806141723234542
-1.3709418277427428
-1.3651308757864262
-1.3509827117829796
-1.3423290159876902
-1.3354137589287751
-1.3231409729760915
-1.3155834882381212
-1.3001134515613961
-1.2931630508721632
-1.2823048235023489
-1.6319764017560279
-1.6286018097055175
-1.6242781976283420
-1.6213062886492307
-1.6167655078605030
-1.6133382689670819
-1.6084341246847371
-1.6055660990610032
-1.5994797415061630
-1.5967808902070899
-1.5924811832948715
-1.5879876855670920
-1.5842024120950249
-1.5799973871592981
-1.5745866777013076
-1.5695737156811447
-1.5634953044265523
-1.5600106956502491
-1.5556344670030435
-1.5499221328163051
-1.5451176250300196
-1.5405720453245375
-1.5338790806288136
-1.5298607425236947
-1.5215044033771137
-1.5156187379593602
-1.5093730093269384
-1.5047005237128477
-1.4961457651540579
-1.4894795434252750
-1.4834785555651575
-1.4767345210232690
-1.4695732763089204
-1.4625094165281061
-1.4557979450866563
-1.4483470245781409
-1.4406118398315522
-1.4324007578265086
-1.4240937956353750
-1.4148798196956551
-1.4073373425003355
-1.3969521607478737
-1.3864318539252918
-1.3808256135773567
-1.3713554630309339
-1.3582215521694083
-1.3504875241554446
-1.3398978563506250
-1.3343849865695379
-1.3223131126069048
-1.6461992505628638
-1.6421565131638207
-1.6396049101231172
-1.6359505806661501
-1.6333630633396112
-1.6292186928327610
-1.6266287977127638
-1.6229904158031994
-1.6177020100281081
-1.6140968508314286
-1.6109748337067509
-1.6063831192661884
-1.6017079868224799
-1.5973112388816111
-1.5941381173494000
-1.5890365981485335
-1.5847907888906172
-1.5809399901176189
-1.5762716913107444
-1.5714919096799100
-1.5673787450606143
-1.5610168374630469
-1.5561582422180080
-1.5515121910716301
-1.5451080862940021
-1.5387172408045102
-1.5360093737869025
-1.5284190220456866
-1.5222686998307640
-1.5192629387803569
-1.5106217048547796
-1.5038115014889331
-1.4981323244041056
-1.4924689999248597
-1.4862743143860260
-1.4778503516905461
-1.4705434866854723
-1.4659016422683662
-1.4535954127543533
-1.4490905145753197
-1.4407568271402391
-1.4327355511334654
-1.4263778416591526
-1.4138960817024251
-1.4082328677617031
-1.3992411948211942
-1.3897316950816052
-1.3816425623615844
-1.3741656309349457
-1.3635773776391953
-1.6601881307124673
-1.6592288248264566
-1.6546854270926046
-1.6519341297473977
-1.6495902116008254
-1.6454824578707390
-1.6428796432152017
-1.6402085354874589
-1.6343010844666419
-1.6320250773431948
-1.6294671859119982
-1.6256447235690081
-1.6197827954796393
-1.6171484462636250
-1.6129672725094319
-1.6096498688030592
-1.6055775186067476
-1.6011299486602601
-1.5979645802266751
-1.5915171299606967
-1.5884118736412143
-1.5851300366858156
-1.5791081953550052
-1.5747938904085399
-1.5692201460721937
-1.5666130589200238
-1.5603000495465842
-1.5542838105830539
-1.5476255867386193
-1.5432432647182459
-1.5381755900434042
-1.5316233582541621
-1.5255749971696548
-1.5202862444364027
-1.5124120615008609
-1.5073426991283845
-1.5003099041716750
-1.4947093762138779
-1.4887319959217011
-1.4804995140406232
-1.4746687293611678
-1.4656204082119089
-1.4608190386220175
-1.4512154184540533
-1.4447891621626079
-1.4329315394032840
-1.4282925757843259
-1.4200135160307510
-1.4127577579963762
-1.4015928633649184
-1.6784487577511180
-1.6759239739309930
-1.6729953066422913
-1.6703503174700929
-1.6660003757869826
-1.6638863949022544
-1.6606505277502119
-1.6577558348298620
-1.6547457098399345
-1.6505101915651330
-1.6477443934509179
-1.6430927940643218
-1.6412913555462492
-1.6390241141657025
-1.6330581860434086
-1.6303449046025063
-1.6258330630740403
-1.6224432374406248
-1.6180237237180113
-1.6150006299173576
-1.6104157827767920
-1.6058296840460271
-1.6017894081413704
-1.5964594074753864
-1.5931708847826775
-1.5880879459948380
-1.5838211749654698
-1.5780533037993645
-1.5753142188203286
-1.5679892792650092
-1.5636308693644356
-1.5590275922214265
-1.5533107038620821
-1.5485307767923802
-1.5434504112103056
-1.5362103856916935
-1.5288742006707001
-1.5272465054637530
-1.5191841455164539
-1.5135708920074764
-1.5058092892702215
-1.5016837381849064
-1.4932118485292378
-1.4864423030830569
-1.4816556915205519
-1.4720934004023944
-1.4655126208649480
-1.4561282442686965
-1.4520518424269093
-1.4434114276248717
-1.6952596763133556
-1.6925089750948858
-1.6905852698187180
-1.6878729736259215
-1.6854571991998446
-1.6826868796715475
-1.6797934642529633
-1.6764082337334596
-1.6731582221303598
-1.6701346456277788
-1.6677387043047225
-1.6648191422078684
-1.6614315013900887
-1.6581420546640113
-1.6545449445876228
-1.6506946503757383
-1.6481394122080983
-1.6434757552733545
-1.6414703735724980
-1.6359845332579317
-1.6333181597402100
-1.6295998110996510
-1.6249818955076458
-1.6208698977692046
-1.6159988473156059
-1.6132371449780931
-1.6102133390756055
-1.6047870319155888
-1.6011960584654090
-1.5949422357014833
-1.5891358758114165
-1.5868920174453021
-1.5800985219991244
-1.5770725882145022
-1.5720830633486944
-1.5651685618856936
-1.5608570524910022
-1.5551677419745236
-1.5498825884664704
-1.5436057560259024
-1.5386906125007629
-1.5306245313620315
-1.5236685237211254
-1.5206336601319312
-1.5140133133083753
-1.5042307302860936
-1.4982366435828776
-1.4914601648300001
-1.4874167892476247
-1.4820371056241111
-1.7152104686369298
-1.7120612736974257
-1.7104573045807421
-1.7067931216618042
-1.7038357472455681
-1.7019281984668722
-1.6994045646071116
-1.6967557425905577
-1.6929662315968497
-1.6912064617352134
-1.6882447146852608
-1.6848054026025741
-1.6832004602606339
-1.6793238729427615
-1.6757213735004228
-1.6713936984181741
-1.6698134764862582
-1.6665890498273133
-1.6625345052644813
-1.6598341457208992
-1.6567144269064822
-1.6516936694791562
-1.6490062262662437
-1.6446765955550389
-1.6415052325019224
-1.6376473321470277
-1.6330803246953054
-1.6291519485642754
-1.6252804123581934
-1.6220240402824311
-1.6167650191156417
-1.6126486208174384
-1.6078925538819839
-1.6033635766951342
-1.5987668652212133
-1.5943149548153448
-1.5885793863170479
-1.5829302420236635
-1.5794551037726974
-1.5763858164082574
-1.5683999360625693
-1.5653445598012945
-1.5566720321396497
-1.5537191609293002
-1.5458929946242324
-1.5412556699925213
-1.5339760596981120
-1.5279205465042227
-1.5223467427368602
-1.5158128734694394
-1.7343267896327024
-1.7315774087902178
-1.7297932003409473
-1.7260939457971596
-1.7240966573107981
-1.7224633798784288
-1.7193801986322286
-1.7169217519477402
-1.7134931723691298
-1.7122808570693104
-1.7096814406126244
-1.7062515769261859
-1.7033389620700627
-1.7003991212205662
-1.6978696024256339
-1.6956130956354867
-1.6910239484597989
-1.6890084806010255
-1.6857516670823460
-1.6822196505489637
-1.6794015927955224
-1.6764871092197735
-1.6724302740118124
-1.6698528383260787
-1.6660892600896549
-1.6616547655084999
-1.6582205104071619
-1.6547336120698528
-1.6515615123125438
-1.6471762652211004
-1.6429454393673517
-1.6386670178132985
-1.6353122448572395
-1.6306685638366341
-1.6264426859482850
-1.6216737744839587
-1.6187592766988008
-1.6121419662528327
-1.6068820885363626
-1.6033905069878178
-1.5991489328419810
-1.5938203404552607
-1.5904896324199871
-1.5843069963667435
-1.5782663823800978
-1.5743120327073190
-1.5690218307055390
-1.5600697324722264
-1.5565710138763242
-1.5506109306339659
-1.7546845142163310
-1.7516912079187199
-1.7496193173849759
-1.7480949649646262
-1.7444208479037284
-1.7428849841274905
-1.7410022831202734
-1.7390324165291433
-1.7359728701429582
-1.7336470023217554
-1.7312992285522268
-1.7280849648148700
-1.7259647446464179
-1.7233584340795192
-1.7203101189167069
-1.7178526324364927
-1.7151240568698212
-1.7113774971731879
-1.7083803645114137
-1.7062219723433292
-1.7049161003018987
-1.7011061712101712
-1.6973327233195117
-1.6936684163732325
-1.6914301406594556
-1.6866659994758735
-1.6838045858292756
-1.6806804156731907
-1.6771379920565921
-1.6734317424604219
-1.6696197316837047
-1.6652305276973560
-1.6642235574539366
-1.6589633640856520
-1.6551777165297485
-1.6498913048730619
-1.6470158598070528
-1.6430785795810701
-1.6393259097091442
-1.6328037318538033
-1.6293449025768367
-1.6255249618804242
-1.6192698344596983
-1.6157488635863608
-1.6104006610631336
-1.6040860694777281
-1.6016418222164808
-1.5963746053391572
-1.5905726152350885
-1.5838926554711141
-1.7746989446210684
-1.7727231050157324
-1.7700212181711537
-1.7689146931538529
-1.7665930515183408
-1.7640176200749760
-1.7625613763683570
-1.7597869893954647
-1.7587638823841649
-1.7555952058031734
-1.7532605678603290
-1.7510408512245721
-1.7492588639912010
-1.7459033239591397
-1.7437155046630939
-1.7407514516669833
-1.7386066074134963
-1.7351464572396995
-1.7337224335037957
-1.7306591034457386
-1.7276314661286980
-1.7241932945068970
-1.7210536095933742
-1.7186378460025982
-1.7163932468376448
-1.7143329997982539
-1.7099450164637100
-1.7066614710586840
-1.7032118080517715
-1.7003315456066774
-1.6959415045483288
-1.6927457043566909
-1.6899975384813040
-1.6861695118675397
-1.6829299437598331
-1.6777132920133926
-1.6750624170793931
-1.6717536903130705
-1.6675863274909313
-1.6630175671630252
-1.6585585098386912
-1.6549854046626602
-1.6523371969265759
-1.6467867551546549
-1.6431455035236779
-1.6386643990217267
-1.6328665733691250
-1.6290310354378892
-1.6233927652634337
-1.6185153225209001
-1.7963796658487654
-1.7951348461441867
-1.7926714998931463
-1.7910132334631699
-1.7890404141625322
-1.7873571728429747
-1.7851843374332712
-1.7826121105782375
-1.7806754765515120
-1.7787248980974613
-1.7765357761752982
-1.7741742821853428
-1.7720806522741754
-1.7697839120284020
-1.7670737186889478
-1.7644007465116411
-1.7619631991385201
-1.7597297445122759
-1.7581343574860184
-1.7553782664252680
-1.7529286470191634
-1.7498916287539901
-1.7476988043725663
-1.7447923409933759
-1.7417734362322597
-1.7383543270039445
-1.7352937606890295
-1.7330360904274851
-1.7297203857687062
-1.7273878830289955
-1.7228370608950128
-1.7212683016602435
-1.7174968502007140
-1.7138075954252925
-1.7113223889766898
-1.7064636201950405
-1.7035005146384756
-1.7006498705108477
-1.6954792187805174
-1.6930354292925733
-1.6892697107983869
-1.6857201370825434
-1.6822628947099214
-1.6777685465768637
-1.6732313349252470
-1.6682637871815249
-1.6659573482510168
-1.6611195351502279
-1.6562380691788099
-1.6510472495581578
-1.8197757232282936
-1.8170403929435470
-1.8149276381242292
-1.8139214384421791
-1.8123526363528752
-1.8105466851427632
-1.8085080428835820
-1.8070902892326766
-1.8043064702177374
-1.8022982073669940
-1.8001395747467137
-1.7979750251822912
-1.7962831025017236
-1.7946401551510067
-1.7924497534658697
-1.7899094936033231
-1.7871302239999258
-1.7847389853599145
-1.7827696216669513
-1.7801390756032158
-1.7780996066929831
-1.7754896111007841
-1.7724490688826817
-1.7697215883974919
-1.7676541839312787
-1.7649399439505999
-1.7619240244082284
-1.7602970268742433
-1.7568785300430798
-1.7542958800416106
-1.7508598283991117
-1.7478431220279005
-1.7452903406285936
-1.7422994417944007
-1.7395411529886808
-1.7365827246607126
-1.7316925690699880
-1.7300313591055696
-1.7262205540281950
-1.7229974639973000
-1.7195583212456389
-1.7149701748350510
-1.7118703596462319
-1.7080971933174844
-1.7053140834647711
-1.7015047736326110
-1.6961700042931138
-1.6932253291480803
-1.6882775272304886
-1.6853021927674234
-1.8426395287237634
-1.8408131641227490
-1.8392414209297945
-1.8376465610718367
-1.8351605409578744
-1.8344940919052906
-1.8323252303097908
-1.8299777914902384
-1.8281709778117861
-1.8265548614169294
-1.8246828186077673
-1.8232816455655332
-1.8208541665540114
-1.8191283282849768
-1.8165263939542571
-1.8141285790854016
-1.8113129003308055
-1.8106434789290284
-1.8079199908451631
-1.8058620701513992
-1.8039858932576918
-1.8009952235557476
-1.7991401977023618
-1.7970093679558126
-1.7941591470782587
-1.7915267756994300
-1.7897553974552869
-1.7860847294632793
-1.7834102169811858
-1.7820426529530364
-1.7791416159797906
-1.7763116591760546
-1.7734586952550091
-1.7699318634176793
-1.7676973589610929
-1.7646605923071088
-1.7619802835189600
-1.7584017341634710
-1.7544633048815421
-1.7525494950333362
-1.7483345603659657
-1.7452413588796543
-1.7423967104866995
-1.7377764873152171
-1.7343225173779284
-1.7321506812110743
-1.7285900965380510
-1.7242962802173945
-1.7209945376612199
-1.7167953293915386
-1.8670002079146180
-1.8655517026634172
-1.8641877824672559
-1.8625159321651859
-1.8602613676771307
-1.8590153951640431
-1.8572736409932817
-1.8556623843587667
-1.8539913041224994
-1.8516073913636133
-1.8502837008840518
-1.8486870196255607
-1.8464454573987328
-1.8443734042913817
-1.8424680983025772
-1.8405266172824817
-1.8383131135607482
-1.8364911467376319
-1.8342395611123925
-1.8323416421266900
-1.8295391234971348
-1.8277318561567877
-1.8247690687121256
-1.8228535480906001
-1.8213488661707844
-1.8183533198555422
-1.8160125188005030
-1.8143635351410063
-1.8111469502371189
-1.8098699143669694
-1.8069697397952307
-1.8039619574341421
-1.8018952461379618
-1.7981005843060518
-1.7964793081733264
-1.7926160161435278
-1.7906085746247358
-1.7875901623147188
-1.7854716283486889
-1.7821099361888915
-1.7794814876715668
-1.7746893408748372
-1.7729448012846265
-1.7704336358907493
-1.7665285014861911
-1.7626354120617622
-1.7590312254720262
-1.7570906422862835
-1.7518972310459424
-1.7490615457846910
