0.66148945774836676
0.66110120328309874
0.66032368145674769
0.65910461579302393
0.65967072071379196
0.65855547405331349
0.65677450995939979
0.65644639577433572
0.65550729079946679
0.65366336903376931
0.65191753925610030
0.65084225959441977
0.64911488907653614
0.64740404512213001
0.64332411740299011
0.64151359095908789
0.63652340010905162
0.63468643528111579
0.63126504021846164
0.62430695111957246
0.61545535699427734
0.61364169662575407
0.60525739153022062
0.60309343222928447
0.59217537412813914
0.58729917936673171
0.57551417866775756
0.56792600121509362
0.55892451604816140
0.55577177257088284
0.54588575595019651
0.52934601383179547
0.50860709278001370
0.51193347243784015
0.49680120338777178
0.48652320344611133
0.47046967557957764
0.45568946848455383
0.44709040920263199
0.43945976127933351
0.43015982303469136
0.41371960497186921
0.39725446855984503
0.39167266058038896
0.39174020155323441
0.38221326376465059
0.37260984622320270
0.36664443211641673
0.35432543900875646
0.34951416210169217
