0.66088287183615302
0.65884209901629909
0.65886908379558551
0.65831351954715034
0.65762461663022176
0.65604455609108647
0.65398276313078263
0.65265313103478728
0.65146030869230342
0.65006521607599677
0.64810541356764340
0.64579051691221712
0.64506077019615771
0.64393569325635469
0.64004315707961323
0.63893853013504309
0.63462660444746510
0.63040478594961036
0.63047039475804578
0.62305425524078095
0.61958356848187757
0.61514863905658790
0.61135284852204164
0.59943014528518401
0.59788555325384807
0.59344747850035451
0.58145982690672726
0.57033893168433969
0.56329166182002965
0.55428975513760137
0.55214726925318347
0.53900158677924725
0.53928366747047241
0.53198819787516860
0.52403215504666667
0.51136409054025678
0.50044133111999589
0.48599109363236104
0.47897088970476476
0.47483707021827248
0.45158390797030834
0.44471287143711480
0.44662137474734565
0.43344025432352351
0.42951710781977881
0.40912580761270823
0.41321246125241684
0.40453108368592516
0.40569140347431165
0.39550445737923945
