0.65932380131096613
0.65735461755513058
0.65755353569742114
0.65665644476067131
0.65554063009454233
0.65539111214550050
0.65444524078010424
0.65299921361287905
0.65320209795390660
0.65014920568639578
0.64973099947548274
0.64650734138564236
0.64329023673532937
0.64287301272563391
0.63908178415183103
0.63734605342401751
0.63125873800206267
0.63134805855700082
0.62962893481606463
0.62606275864467664
0.62061896504153991
0.61687308043923106
0.61564421216025655
0.60786540917163223
0.60315043708329807
0.59985973506491153
0.59439376776049180
0.58040327974858119
0.58227640467702368
0.57746999340367733
0.58127634756530422
0.55696090621290129
0.55887674607862614
0.55320264524578955
0.54611806737952284
0.52961809539448446
0.52441451787567928
0.52603185679985764
0.51507206819259110
0.50456781082981572
0.49841709983435178
0.49570129034674160
0.48625073871464786
0.47965617836466679
0.46319599804999700
0.45352229574657488
0.45292087701248285
0.45314753353240911
0.44010384747654396
0.43428899693587142
